0 1 Car -1 0 -1.000000 207.340472 194.745724 475.304286 374.143894 -1.000000 -1.000000 -1.000000 -1.000000 -1.000000 -1.000000 -1.000000 -1.000000 
0 2 Car -1 0 -1.000000 574.690426 185.483786 667.150412 271.268538 -1.000000 -1.000000 -1.000000 -1.000000 -1.000000 -1.000000 -1.000000 -1.000000 
1 1 Car -1 0 -1.000000 117.952682 194.458471 461.186507 414.366282 -1.000000 -1.000000 -1.000000 -1.000000 -1.000000 -1.000000 -1.000000 -1.000000 
1 2 Car -1 0 -1.000000 577.497960 185.139642 672.852323 273.477116 -1.000000 -1.000000 -1.000000 -1.000000 -1.000000 -1.000000 -1.000000 -1.000000 
2 2 Car -1 0 -1.000000 580.484889 184.778779 678.921666 275.826957 -1.000000 -1.000000 -1.000000 -1.000000 -1.000000 -1.000000 -1.000000 -1.000000 
3 2 Car -1 0 -1.000000 583.668971 184.399947 685.395142 278.332061 -1.000000 -1.000000 -1.000000 -1.000000 -1.000000 -1.000000 -1.000000 -1.000000 
4 2 Car -1 0 -1.000000 593.230037 183.578566 698.464513 280.352629 -1.000000 -1.000000 -1.000000 -1.000000 -1.000000 -1.000000 -1.000000 -1.000000 
5 2 Car -1 0 -1.000000 603.448098 182.714116 712.461132 282.510257 -1.000000 -1.000000 -1.000000 -1.000000 -1.000000 -1.000000 -1.000000 -1.000000 
6 2 Car -1 0 -1.000000 614.392549 181.803092 727.487323 284.819430 -1.000000 -1.000000 -1.000000 -1.000000 -1.000000 -1.000000 -1.000000 -1.000000 
7 2 Car -1 0 -1.000000 626.142910 180.841596 743.661029 287.296754 -1.000000 -1.000000 -1.000000 -1.000000 -1.000000 -1.000000 -1.000000 -1.000000 
8 2 Car -1 0 -1.000000 640.268002 180.925702 763.163368 292.153459 -1.000000 -1.000000 -1.000000 -1.000000 -1.000000 -1.000000 -1.000000 -1.000000 
9 2 Car -1 0 -1.000000 655.619347 181.016003 784.448544 297.621950 -1.000000 -1.000000 -1.000000 -1.000000 -1.000000 -1.000000 -1.000000 -1.000000 
10 2 Car -1 0 -1.000000 672.352227 181.113206 807.773751 303.611539 -1.000000 -1.000000 -1.000000 -1.000000 -1.000000 -1.000000 -1.000000 -1.000000 
11 2 Car -1 0 -1.000000 691.636665 182.147777 834.821115 311.657441 -1.000000 -1.000000 -1.000000 -1.000000 -1.000000 -1.000000 -1.000000 -1.000000 
12 2 Car -1 0 -1.000000 712.991532 183.260631 864.906045 320.606912 -1.000000 -1.000000 -1.000000 -1.000000 -1.000000 -1.000000 -1.000000 -1.000000 
13 2 Car -1 0 -1.000000 732.012916 184.461008 898.570605 330.621193 -1.000000 -1.000000 -1.000000 -1.000000 -1.000000 -1.000000 -1.000000 -1.000000 
14 2 Car -1 0 -1.000000 749.203254 183.058805 934.359932 339.620456 -1.000000 -1.000000 -1.000000 -1.000000 -1.000000 -1.000000 -1.000000 -1.000000 
15 2 Car -1 0 -1.000000 768.086900 181.510682 976.038430 350.099323 -1.000000 -1.000000 -1.000000 -1.000000 -1.000000 -1.000000 -1.000000 -1.000000 
16 2 Car -1 0 -1.000000 785.775418 179.760114 1013.516085 360.706979 -1.000000 -1.000000 -1.000000 -1.000000 -1.000000 -1.000000 -1.000000 -1.000000 
17 2 Car -1 0 -1.000000 805.157708 177.193638 1057.386447 373.120769 -1.000000 -1.000000 -1.000000 -1.000000 -1.000000 -1.000000 -1.000000 -1.000000 
18 2 Car -1 0 -1.000000 826.489252 173.472873 1109.440954 387.846164 -1.000000 -1.000000 -1.000000 -1.000000 -1.000000 -1.000000 -1.000000 -1.000000 
19 2 Car -1 0 -1.000000 839.036842 175.139431 1162.949468 412.385775 -1.000000 -1.000000 -1.000000 -1.000000 -1.000000 -1.000000 -1.000000 -1.000000 
20 2 Car -1 0 -1.000000 853.047135 177.202470 1229.235849 442.785544 -1.000000 -1.000000 -1.000000 -1.000000 -1.000000 -1.000000 -1.000000 -1.000000 
57 3 Car -1 0 -1.000000 1.408240 189.287934 369.728413 302.374827 -1.000000 -1.000000 -1.000000 -1.000000 -1.000000 -1.000000 -1.000000 -1.000000 
58 3 Car -1 0 -1.000000 37.837580 188.883529 406.057843 304.408192 -1.000000 -1.000000 -1.000000 -1.000000 -1.000000 -1.000000 -1.000000 -1.000000 
59 3 Car -1 0 -1.000000 75.974455 188.461636 443.965239 306.534021 -1.000000 -1.000000 -1.000000 -1.000000 -1.000000 -1.000000 -1.000000 -1.000000 
60 3 Car -1 0 -1.000000 120.492188 189.051465 485.079765 309.734604 -1.000000 -1.000000 -1.000000 -1.000000 -1.000000 -1.000000 -1.000000 -1.000000 
61 3 Car -1 0 -1.000000 166.894733 189.659945 534.414445 313.070730 -1.000000 -1.000000 -1.000000 -1.000000 -1.000000 -1.000000 -1.000000 -1.000000 
61 4 Car -1 2 -1.000000 923.204807 188.266156 1232.341869 309.068584 -1.000000 -1.000000 -1.000000 -1.000000 -1.000000 -1.000000 -1.000000 -1.000000 
62 3 Car -1 0 -1.000000 215.304187 190.287973 586.248246 316.551193 -1.000000 -1.000000 -1.000000 -1.000000 -1.000000 -1.000000 -1.000000 -1.000000 
63 3 Car -1 0 -1.000000 265.853429 190.936508 640.068060 320.185568 -1.000000 -1.000000 -1.000000 -1.000000 -1.000000 -1.000000 -1.000000 -1.000000 
64 3 Car -1 0 -1.000000 316.324912 189.554959 693.418224 321.450231 -1.000000 -1.000000 -1.000000 -1.000000 -1.000000 -1.000000 -1.000000 -1.000000 
65 3 Car -1 0 -1.000000 369.233138 188.132517 748.600943 322.773759 -1.000000 -1.000000 -1.000000 -1.000000 -1.000000 -1.000000 -1.000000 -1.000000 
66 3 Car -1 0 -1.000000 424.755518 186.667292 805.712496 324.160421 -1.000000 -1.000000 -1.000000 -1.000000 -1.000000 -1.000000 -1.000000 -1.000000 
67 3 Car -1 0 -1.000000 478.519095 185.157271 864.856069 325.614909 -1.000000 -1.000000 -1.000000 -1.000000 -1.000000 -1.000000 -1.000000 -1.000000 
68 3 Car -1 0 -1.000000 530.576736 186.130129 928.009790 329.239827 -1.000000 -1.000000 -1.000000 -1.000000 -1.000000 -1.000000 -1.000000 -1.000000 
69 3 Car -1 0 -1.000000 584.049748 187.135836 993.730825 332.983995 -1.000000 -1.000000 -1.000000 -1.000000 -1.000000 -1.000000 -1.000000 -1.000000 
70 3 Car -1 0 -1.000000 638.996534 188.176113 1062.179358 336.853382 -1.000000 -1.000000 -1.000000 -1.000000 -1.000000 -1.000000 -1.000000 -1.000000 
71 3 Car -1 0 -1.000000 695.478799 189.252800 1133.529084 340.854362 -1.000000 -1.000000 -1.000000 -1.000000 -1.000000 -1.000000 -1.000000 -1.000000 
72 3 Car -1 0 -1.000000 753.561827 190.367872 1207.968715 344.993753 -1.000000 -1.000000 -1.000000 -1.000000 -1.000000 -1.000000 -1.000000 -1.000000 
97 5 Car -1 1 -1.000000 26.784245 198.622376 274.466534 293.977355 -1.000000 -1.000000 -1.000000 -1.000000 -1.000000 -1.000000 -1.000000 -1.000000 
98 5 Car -1 1 -1.000000 69.642752 195.650332 311.163430 289.886991 -1.000000 -1.000000 -1.000000 -1.000000 -1.000000 -1.000000 -1.000000 -1.000000 
99 5 Car -1 1 -1.000000 112.122689 192.649145 347.848609 285.777167 -1.000000 -1.000000 -1.000000 -1.000000 -1.000000 -1.000000 -1.000000 -1.000000 
100 5 Car -1 1 -1.000000 154.205901 189.633505 384.539361 281.652718 -1.000000 -1.000000 -1.000000 -1.000000 -1.000000 -1.000000 -1.000000 -1.000000 
100 6 Car -1 2 -1.000000 32.463275 174.225974 305.161509 276.980564 -1.000000 -1.000000 -1.000000 -1.000000 -1.000000 -1.000000 -1.000000 -1.000000 
101 5 Car -1 1 -1.000000 195.876886 186.601612 421.252006 277.518517 -1.000000 -1.000000 -1.000000 -1.000000 -1.000000 -1.000000 -1.000000 -1.000000 
101 6 Car -1 2 -1.000000 82.107533 171.175564 344.905166 272.581037 -1.000000 -1.000000 -1.000000 -1.000000 -1.000000 -1.000000 -1.000000 -1.000000 
102 5 Car -1 1 -1.000000 237.122776 183.551763 458.001874 273.379444 -1.000000 -1.000000 -1.000000 -1.000000 -1.000000 -1.000000 -1.000000 -1.000000 
102 6 Car -1 2 -1.000000 130.329457 168.208254 384.113690 268.260256 -1.000000 -1.000000 -1.000000 -1.000000 -1.000000 -1.000000 -1.000000 -1.000000 
103 5 Car -1 1 -1.000000 275.275409 182.093157 495.341858 272.519180 -1.000000 -1.000000 -1.000000 -1.000000 -1.000000 -1.000000 -1.000000 -1.000000 
103 6 Car -1 2 -1.000000 171.440874 168.863077 420.967970 269.047905 -1.000000 -1.000000 -1.000000 -1.000000 -1.000000 -1.000000 -1.000000 -1.000000 
104 5 Car -1 1 -1.000000 313.010698 184.425269 533.247128 276.634832 -1.000000 -1.000000 -1.000000 -1.000000 -1.000000 -1.000000 -1.000000 -1.000000 
104 6 Car -1 2 -1.000000 212.541056 169.524067 458.217594 269.793368 -1.000000 -1.000000 -1.000000 -1.000000 -1.000000 -1.000000 -1.000000 -1.000000 
105 5 Car -1 1 -1.000000 351.415723 188.391862 572.742647 283.032641 -1.000000 -1.000000 -1.000000 -1.000000 -1.000000 -1.000000 -1.000000 -1.000000 
105 6 Car -1 2 -1.000000 253.603589 170.190027 495.890551 270.495827 -1.000000 -1.000000 -1.000000 -1.000000 -1.000000 -1.000000 -1.000000 -1.000000 
105 8 Car -1 -1 -1.000000 53.793450 191.006709 122.826410 227.996020 -1.000000 -1.000000 -1.000000 -1.000000 -1.000000 -1.000000 -1.000000 -1.000000 
106 5 Car -1 1 -1.000000 388.296779 187.952964 612.582963 284.481241 -1.000000 -1.000000 -1.000000 -1.000000 -1.000000 -1.000000 -1.000000 -1.000000 
106 6 Car -1 2 -1.000000 294.605042 170.859747 534.014340 271.154723 -1.000000 -1.000000 -1.000000 -1.000000 -1.000000 -1.000000 -1.000000 -1.000000 
106 8 Car -1 -1 -1.000000 107.769185 189.876217 172.662500 226.015560 -1.000000 -1.000000 -1.000000 -1.000000 -1.000000 -1.000000 -1.000000 -1.000000 
107 5 Car -1 1 -1.000000 425.814147 186.323676 653.371836 284.262401 -1.000000 -1.000000 -1.000000 -1.000000 -1.000000 -1.000000 -1.000000 -1.000000 
107 6 Car -1 2 -1.000000 328.828967 170.384195 571.286262 272.918199 -1.000000 -1.000000 -1.000000 -1.000000 -1.000000 -1.000000 -1.000000 -1.000000 
107 8 Car -1 -1 -1.000000 159.312366 188.793706 220.630224 224.107518 -1.000000 -1.000000 -1.000000 -1.000000 -1.000000 -1.000000 -1.000000 -1.000000 
108 5 Car -1 1 -1.000000 464.670417 184.530114 696.197902 283.978551 -1.000000 -1.000000 -1.000000 -1.000000 -1.000000 -1.000000 -1.000000 -1.000000 
108 6 Car -1 2 -1.000000 364.530962 169.891607 610.527279 274.696544 -1.000000 -1.000000 -1.000000 -1.000000 -1.000000 -1.000000 -1.000000 -1.000000 
108 8 Car -1 -1 -1.000000 208.596100 187.755781 266.820361 222.268429 -1.000000 -1.000000 -1.000000 -1.000000 -1.000000 -1.000000 -1.000000 -1.000000 
109 5 Car -1 1 -1.000000 500.867125 184.578201 741.762241 288.301546 -1.000000 -1.000000 -1.000000 -1.000000 -1.000000 -1.000000 -1.000000 -1.000000 
109 6 Car -1 2 -1.000000 401.753333 169.322616 651.946700 276.488801 -1.000000 -1.000000 -1.000000 -1.000000 -1.000000 -1.000000 -1.000000 -1.000000 
109 8 Car -1 -1 -1.000000 255.778346 186.759344 311.317028 220.495070 -1.000000 -1.000000 -1.000000 -1.000000 -1.000000 -1.000000 -1.000000 -1.000000 
109 9 Car -1 2 -1.000000 400.662626 187.886023 589.960770 258.980869 -1.000000 -1.000000 -1.000000 -1.000000 -1.000000 -1.000000 -1.000000 -1.000000 
110 5 Car -1 1 -1.000000 539.930271 184.613810 791.728208 292.958528 -1.000000 -1.000000 -1.000000 -1.000000 -1.000000 -1.000000 -1.000000 -1.000000 
110 6 Car -1 2 -1.000000 440.543375 168.617430 695.780158 278.294284 -1.000000 -1.000000 -1.000000 -1.000000 -1.000000 -1.000000 -1.000000 -1.000000 
110 7 Van -1 0 -1.000000 45.127017 180.354555 143.897838 246.002717 -1.000000 -1.000000 -1.000000 -1.000000 -1.000000 -1.000000 -1.000000 -1.000000 
110 8 Car -1 -1 -1.000000 295.874213 186.386984 349.868173 220.044027 -1.000000 -1.000000 -1.000000 -1.000000 -1.000000 -1.000000 -1.000000 -1.000000 
110 9 Car -1 2 -1.000000 434.269247 187.626179 627.302214 260.411839 -1.000000 -1.000000 -1.000000 -1.000000 -1.000000 -1.000000 -1.000000 -1.000000 
111 5 Car -1 1 -1.000000 582.164276 184.612370 846.819363 297.991204 -1.000000 -1.000000 -1.000000 -1.000000 -1.000000 -1.000000 -1.000000 -1.000000 
111 6 Car -1 2 -1.000000 480.954368 167.865763 742.293580 280.112628 -1.000000 -1.000000 -1.000000 -1.000000 -1.000000 -1.000000 -1.000000 -1.000000 
111 7 Van -1 0 -1.000000 94.493844 180.095633 189.534615 244.511561 -1.000000 -1.000000 -1.000000 -1.000000 -1.000000 -1.000000 -1.000000 -1.000000 
111 8 Car -1 -1 -1.000000 335.574649 186.018047 388.312391 219.588216 -1.000000 -1.000000 -1.000000 -1.000000 -1.000000 -1.000000 -1.000000 -1.000000 
111 9 Car -1 2 -1.000000 469.492123 187.354691 666.886554 261.890052 -1.000000 -1.000000 -1.000000 -1.000000 -1.000000 -1.000000 -1.000000 -1.000000 
112 5 Car -1 1 -1.000000 617.492970 184.975425 898.242390 304.375343 -1.000000 -1.000000 -1.000000 -1.000000 -1.000000 -1.000000 -1.000000 -1.000000 
112 6 Car -1 2 -1.000000 523.046804 167.062831 791.788063 281.943851 -1.000000 -1.000000 -1.000000 -1.000000 -1.000000 -1.000000 -1.000000 -1.000000 
112 7 Van -1 0 -1.000000 136.490741 183.693290 230.010909 247.957196 -1.000000 -1.000000 -1.000000 -1.000000 -1.000000 -1.000000 -1.000000 -1.000000 
112 8 Car -1 -1 -1.000000 372.705773 185.699691 424.286235 219.233626 -1.000000 -1.000000 -1.000000 -1.000000 -1.000000 -1.000000 -1.000000 -1.000000 
112 9 Car -1 2 -1.000000 506.427028 187.070356 708.946889 263.418786 -1.000000 -1.000000 -1.000000 -1.000000 -1.000000 -1.000000 -1.000000 -1.000000 
113 5 Car -1 1 -1.000000 656.204040 185.381369 955.988252 311.389814 -1.000000 -1.000000 -1.000000 -1.000000 -1.000000 -1.000000 -1.000000 -1.000000 
113 6 Car -1 2 -1.000000 554.954202 165.616845 837.641406 285.904479 -1.000000 -1.000000 -1.000000 -1.000000 -1.000000 -1.000000 -1.000000 -1.000000 
113 7 Van -1 0 -1.000000 175.627764 182.880311 268.051603 246.704347 -1.000000 -1.000000 -1.000000 -1.000000 -1.000000 -1.000000 -1.000000 -1.000000 
113 8 Car -1 -1 -1.000000 409.591642 185.383337 460.246844 218.872861 -1.000000 -1.000000 -1.000000 -1.000000 -1.000000 -1.000000 -1.000000 -1.000000 
113 9 Car -1 2 -1.000000 545.179434 186.771814 753.747640 265.001712 -1.000000 -1.000000 -1.000000 -1.000000 -1.000000 -1.000000 -1.000000 -1.000000 
114 5 Car -1 1 -1.000000 698.751158 185.837976 1021.369049 319.135197 -1.000000 -1.000000 -1.000000 -1.000000 -1.000000 -1.000000 -1.000000 -1.000000 
114 6 Car -1 2 -1.000000 589.634999 164.000319 888.664653 290.198715 -1.000000 -1.000000 -1.000000 -1.000000 -1.000000 -1.000000 -1.000000 -1.000000 
114 7 Van -1 0 -1.000000 214.483889 182.036970 305.728074 245.446084 -1.000000 -1.000000 -1.000000 -1.000000 -1.000000 -1.000000 -1.000000 -1.000000 
114 8 Car -1 -1 -1.000000 446.243213 185.068879 496.185232 218.506063 -1.000000 -1.000000 -1.000000 -1.000000 -1.000000 -1.000000 -1.000000 -1.000000 
114 9 Car -1 2 -1.000000 585.865883 186.457519 801.589931 266.642948 -1.000000 -1.000000 -1.000000 -1.000000 -1.000000 -1.000000 -1.000000 -1.000000 
115 5 Car -1 1 -1.000000 741.834108 186.976847 1094.971028 330.694908 -1.000000 -1.000000 -1.000000 -1.000000 -1.000000 -1.000000 -1.000000 -1.000000 
115 6 Car -1 2 -1.000000 627.418141 162.180971 945.845369 294.873722 -1.000000 -1.000000 -1.000000 -1.000000 -1.000000 -1.000000 -1.000000 -1.000000 
115 7 Van -1 0 -1.000000 250.062721 176.661723 339.279108 240.386723 -1.000000 -1.000000 -1.000000 -1.000000 -1.000000 -1.000000 -1.000000 -1.000000 
115 8 Car -1 -1 -1.000000 478.162703 184.361057 528.862974 218.074749 -1.000000 -1.000000 -1.000000 -1.000000 -1.000000 -1.000000 -1.000000 -1.000000 
115 9 Car -1 2 -1.000000 611.567406 187.003618 838.676457 271.005143 -1.000000 -1.000000 -1.000000 -1.000000 -1.000000 -1.000000 -1.000000 -1.000000 
116 5 Car -1 1 -1.000000 784.043555 184.709767 1177.187469 339.977275 -1.000000 -1.000000 -1.000000 -1.000000 -1.000000 -1.000000 -1.000000 -1.000000 
116 6 Car -1 2 -1.000000 661.548414 160.228632 1003.550882 300.555532 -1.000000 -1.000000 -1.000000 -1.000000 -1.000000 -1.000000 -1.000000 -1.000000 
116 7 Van -1 0 -1.000000 279.965097 178.173988 368.267040 242.464247 -1.000000 -1.000000 -1.000000 -1.000000 -1.000000 -1.000000 -1.000000 -1.000000 
116 8 Car -1 -1 -1.000000 505.889990 185.272567 557.092227 219.613422 -1.000000 -1.000000 -1.000000 -1.000000 -1.000000 -1.000000 -1.000000 -1.000000 
116 9 Car -1 2 -1.000000 639.585533 187.605812 879.774267 275.775992 -1.000000 -1.000000 -1.000000 -1.000000 -1.000000 -1.000000 -1.000000 -1.000000 
117 6 Car -1 2 -1.000000 699.220776 157.982302 1069.674151 306.847949 -1.000000 -1.000000 -1.000000 -1.000000 -1.000000 -1.000000 -1.000000 -1.000000 
117 7 Van -1 0 -1.000000 303.720162 181.301455 391.739549 245.768474 -1.000000 -1.000000 -1.000000 -1.000000 -1.000000 -1.000000 -1.000000 -1.000000 
117 8 Car -1 -1 -1.000000 534.208325 186.205894 586.119400 221.187866 -1.000000 -1.000000 -1.000000 -1.000000 -1.000000 -1.000000 -1.000000 -1.000000 
117 9 Car -1 2 -1.000000 670.227240 188.273081 925.596581 281.016475 -1.000000 -1.000000 -1.000000 -1.000000 -1.000000 -1.000000 -1.000000 -1.000000 
118 6 Car -1 2 -1.000000 729.908706 158.317927 1134.111770 317.996786 -1.000000 -1.000000 -1.000000 -1.000000 -1.000000 -1.000000 -1.000000 -1.000000 
118 7 Van -1 0 -1.000000 327.619963 183.912707 415.316965 249.077754 -1.000000 -1.000000 -1.000000 -1.000000 -1.000000 -1.000000 -1.000000 -1.000000 
118 8 Car -1 -1 -1.000000 556.419101 187.715624 608.416742 223.527654 -1.000000 -1.000000 -1.000000 -1.000000 -1.000000 -1.000000 -1.000000 -1.000000 
118 9 Car -1 2 -1.000000 703.857238 189.016410 977.035233 286.800390 -1.000000 -1.000000 -1.000000 -1.000000 -1.000000 -1.000000 -1.000000 -1.000000 
119 6 Car -1 2 -1.000000 759.070007 157.318552 1203.225143 329.480644 -1.000000 -1.000000 -1.000000 -1.000000 -1.000000 -1.000000 -1.000000 -1.000000 
119 7 Van -1 0 -1.000000 341.527240 183.048287 432.530744 249.872606 -1.000000 -1.000000 -1.000000 -1.000000 -1.000000 -1.000000 -1.000000 -1.000000 
119 8 Car -1 -1 -1.000000 579.220553 189.269257 631.455646 225.935607 -1.000000 -1.000000 -1.000000 -1.000000 -1.000000 -1.000000 -1.000000 -1.000000 
119 9 Car -1 2 -1.000000 740.912303 189.849384 1035.220300 293.217917 -1.000000 -1.000000 -1.000000 -1.000000 -1.000000 -1.000000 -1.000000 -1.000000 
120 7 Van -1 0 -1.000000 356.281709 182.140974 450.570574 250.704415 -1.000000 -1.000000 -1.000000 -1.000000 -1.000000 -1.000000 -1.000000 -1.000000 
120 8 Car -1 -1 -1.000000 596.741245 188.895356 650.492810 226.278785 -1.000000 -1.000000 -1.000000 -1.000000 -1.000000 -1.000000 -1.000000 -1.000000 
120 9 Car -1 2 -1.000000 762.945927 188.648442 1080.331736 298.387659 -1.000000 -1.000000 -1.000000 -1.000000 -1.000000 -1.000000 -1.000000 -1.000000 
121 7 Van -1 0 -1.000000 369.351859 181.272717 464.878773 250.889948 -1.000000 -1.000000 -1.000000 -1.000000 -1.000000 -1.000000 -1.000000 -1.000000 
121 8 Car -1 -1 -1.000000 614.895319 188.507768 670.362590 226.634753 -1.000000 -1.000000 -1.000000 -1.000000 -1.000000 -1.000000 -1.000000 -1.000000 
121 9 Car -1 2 -1.000000 787.641126 187.290287 1132.298107 304.261072 -1.000000 -1.000000 -1.000000 -1.000000 -1.000000 -1.000000 -1.000000 -1.000000 
122 7 Van -1 0 -1.000000 382.915893 180.351387 479.633218 251.079306 -1.000000 -1.000000 -1.000000 -1.000000 -1.000000 -1.000000 -1.000000 -1.000000 
122 8 Car -1 -1 -1.000000 630.454441 187.211983 687.356558 225.977882 -1.000000 -1.000000 -1.000000 -1.000000 -1.000000 -1.000000 -1.000000 -1.000000 
122 9 Car -1 2 -1.000000 815.496887 185.741408 1192.830812 310.993329 -1.000000 -1.000000 -1.000000 -1.000000 -1.000000 -1.000000 -1.000000 -1.000000 
123 7 Van -1 0 -1.000000 390.919837 177.968437 489.761329 250.758559 -1.000000 -1.000000 -1.000000 -1.000000 -1.000000 -1.000000 -1.000000 -1.000000 
123 8 Car -1 -1 -1.000000 644.541763 185.267158 702.737838 224.598195 -1.000000 -1.000000 -1.000000 -1.000000 -1.000000 -1.000000 -1.000000 -1.000000 
124 7 Van -1 0 -1.000000 397.454155 176.927781 498.451876 251.867461 -1.000000 -1.000000 -1.000000 -1.000000 -1.000000 -1.000000 -1.000000 -1.000000 
124 8 Car -1 -1 -1.000000 659.195255 183.241780 718.863481 223.152039 -1.000000 -1.000000 -1.000000 -1.000000 -1.000000 -1.000000 -1.000000 -1.000000 
