0 1 Car -1 -1 -1.000000 718.306702 164.024962 983.502582 272.318482 -1.000000 -1.000000 -1.000000 -1.000000 -1.000000 -1.000000 -1.000000 -1.000000 
1 1 Car -1 -1 -1.000000 771.020515 163.622135 1048.968769 273.754798 -1.000000 -1.000000 -1.000000 -1.000000 -1.000000 -1.000000 -1.000000 -1.000000 
2 1 Car -1 -1 -1.000000 830.648239 163.181591 1127.893195 275.498765 -1.000000 -1.000000 -1.000000 -1.000000 -1.000000 -1.000000 -1.000000 -1.000000 
3 1 Car -1 -1 -1.000000 892.229455 162.723240 1210.013026 277.313340 -1.000000 -1.000000 -1.000000 -1.000000 -1.000000 -1.000000 -1.000000 -1.000000 
3 2 Car -1 -1 -1.000000 7.361141 178.135682 205.682853 254.040252 -1.000000 -1.000000 -1.000000 -1.000000 -1.000000 -1.000000 -1.000000 -1.000000 
4 2 Car -1 -1 -1.000000 52.376731 178.003205 249.916141 254.903913 -1.000000 -1.000000 -1.000000 -1.000000 -1.000000 -1.000000 -1.000000 -1.000000 
5 2 Car -1 -1 -1.000000 98.499541 177.867214 295.208589 255.790523 -1.000000 -1.000000 -1.000000 -1.000000 -1.000000 -1.000000 -1.000000 -1.000000 
6 2 Car -1 -1 -1.000000 145.770886 177.727565 341.598738 256.701010 -1.000000 -1.000000 -1.000000 -1.000000 -1.000000 -1.000000 -1.000000 -1.000000 
7 2 Car -1 2 -1.000000 194.234161 177.584110 389.127024 257.636351 -1.000000 -1.000000 -1.000000 -1.000000 -1.000000 -1.000000 -1.000000 -1.000000 
8 2 Car -1 2 -1.000000 243.934979 177.436691 437.835890 258.597578 -1.000000 -1.000000 -1.000000 -1.000000 -1.000000 -1.000000 -1.000000 -1.000000 
9 2 Car -1 2 -1.000000 293.937543 177.286352 487.154234 259.731474 -1.000000 -1.000000 -1.000000 -1.000000 -1.000000 -1.000000 -1.000000 -1.000000 
10 2 Car -1 2 -1.000000 345.425242 177.131189 537.889678 260.901809 -1.000000 -1.000000 -1.000000 -1.000000 -1.000000 -1.000000 -1.000000 -1.000000 
11 2 Car -1 1 -1.000000 398.465192 176.970967 590.104241 262.110367 -1.000000 -1.000000 -1.000000 -1.000000 -1.000000 -1.000000 -1.000000 -1.000000 
12 2 Car -1 0 -1.000000 453.128597 176.805433 643.863596 263.359051 -1.000000 -1.000000 -1.000000 -1.000000 -1.000000 -1.000000 -1.000000 -1.000000 
13 2 Car -1 0 -1.000000 509.491108 176.634320 699.237382 264.649894 -1.000000 -1.000000 -1.000000 -1.000000 -1.000000 -1.000000 -1.000000 -1.000000 
14 2 Car -1 0 -1.000000 568.818325 176.462590 758.780053 266.070569 -1.000000 -1.000000 -1.000000 -1.000000 -1.000000 -1.000000 -1.000000 -1.000000 
15 2 Car -1 0 -1.000000 630.154732 176.284545 826.804653 267.543570 -1.000000 -1.000000 -1.000000 -1.000000 -1.000000 -1.000000 -1.000000 -1.000000 
16 2 Car -1 0 -1.000000 693.604097 176.099830 897.382862 269.071845 -1.000000 -1.000000 -1.000000 -1.000000 -1.000000 -1.000000 -1.000000 -1.000000 
17 2 Car -1 0 -1.000000 758.560031 175.908063 970.661137 270.658561 -1.000000 -1.000000 -1.000000 -1.000000 -1.000000 -1.000000 -1.000000 -1.000000 
18 2 Car -1 0 -1.000000 818.788998 175.708833 1046.797382 272.307137 -1.000000 -1.000000 -1.000000 -1.000000 -1.000000 -1.000000 -1.000000 -1.000000 
19 2 Car -1 0 -1.000000 884.639756 175.500092 1131.158005 274.322925 -1.000000 -1.000000 -1.000000 -1.000000 -1.000000 -1.000000 -1.000000 -1.000000 
20 2 Car -1 0 -1.000000 952.993505 175.281530 1219.495418 276.433712 -1.000000 -1.000000 -1.000000 -1.000000 -1.000000 -1.000000 -1.000000 -1.000000 
23 3 Car -1 -1 -1.000000 5.863662 180.493979 252.801987 255.017837 -1.000000 -1.000000 -1.000000 -1.000000 -1.000000 -1.000000 -1.000000 -1.000000 
24 3 Car -1 -1 -1.000000 49.682214 180.340966 296.757062 255.918666 -1.000000 -1.000000 -1.000000 -1.000000 -1.000000 -1.000000 -1.000000 -1.000000 
25 3 Car -1 -1 -1.000000 94.591795 180.183984 341.857673 256.845590 -1.000000 -1.000000 -1.000000 -1.000000 -1.000000 -1.000000 -1.000000 -1.000000 
26 3 Car -1 2 -1.000000 140.633483 180.022874 388.149360 257.799757 -1.000000 -1.000000 -1.000000 -1.000000 -1.000000 -1.000000 -1.000000 -1.000000 
27 3 Car -1 2 -1.000000 187.850451 179.857471 435.680107 258.782386 -1.000000 -1.000000 -1.000000 -1.000000 -1.000000 -1.000000 -1.000000 -1.000000 
28 3 Car -1 2 -1.000000 237.317383 179.690247 485.888306 259.948051 -1.000000 -1.000000 -1.000000 -1.000000 -1.000000 -1.000000 -1.000000 -1.000000 
29 3 Car -1 2 -1.000000 288.260919 179.517863 537.652287 261.154158 -1.000000 -1.000000 -1.000000 -1.000000 -1.000000 -1.000000 -1.000000 -1.000000 
30 3 Car -1 2 -1.000000 340.747974 179.340074 591.045695 262.402848 -1.000000 -1.000000 -1.000000 -1.000000 -1.000000 -1.000000 -1.000000 -1.000000 
31 3 Car -1 1 -1.000000 394.849553 179.156620 646.146881 263.696415 -1.000000 -1.000000 -1.000000 -1.000000 -1.000000 -1.000000 -1.000000 -1.000000 
32 3 Car -1 0 -1.000000 450.641110 178.967225 703.039319 265.037321 -1.000000 -1.000000 -1.000000 -1.000000 -1.000000 -1.000000 -1.000000 -1.000000 
33 3 Car -1 0 -1.000000 507.383377 178.766756 760.927607 266.381003 -1.000000 -1.000000 -1.000000 -1.000000 -1.000000 -1.000000 -1.000000 -1.000000 
34 3 Car -1 0 -1.000000 565.902481 178.542846 827.547382 267.774366 -1.000000 -1.000000 -1.000000 -1.000000 -1.000000 -1.000000 -1.000000 -1.000000 
35 3 Car -1 0 -1.000000 626.282994 178.303198 897.780099 269.220216 -1.000000 -1.000000 -1.000000 -1.000000 -1.000000 -1.000000 -1.000000 -1.000000 
36 3 Car -1 0 -1.000000 688.614931 178.054363 970.714471 270.721574 -1.000000 -1.000000 -1.000000 -1.000000 -1.000000 -1.000000 -1.000000 -1.000000 
37 3 Car -1 0 -1.000000 752.994232 177.795803 1046.509131 272.281699 -1.000000 -1.000000 -1.000000 -1.000000 -1.000000 -1.000000 -1.000000 -1.000000 
38 3 Car -1 0 -1.000000 818.370130 177.626245 1130.269879 274.237383 -1.000000 -1.000000 -1.000000 -1.000000 -1.000000 -1.000000 -1.000000 -1.000000 
39 3 Car -1 0 -1.000000 882.578722 177.448894 1217.885779 276.283079 -1.000000 -1.000000 -1.000000 -1.000000 -1.000000 -1.000000 -1.000000 -1.000000 
39 4 Car -1 -1 -1.000000 31.832248 177.393468 255.492914 255.924064 -1.000000 -1.000000 -1.000000 -1.000000 -1.000000 -1.000000 -1.000000 -1.000000 
40 4 Car -1 -1 -1.000000 77.338922 177.163477 301.001547 256.758744 -1.000000 -1.000000 -1.000000 -1.000000 -1.000000 -1.000000 -1.000000 -1.000000 
41 4 Car -1 0 -1.000000 123.895952 176.927205 347.639895 257.616212 -1.000000 -1.000000 -1.000000 -1.000000 -1.000000 -1.000000 -1.000000 -1.000000 
42 4 Car -1 2 -1.000000 171.539965 176.684393 395.450819 258.497413 -1.000000 -1.000000 -1.000000 -1.000000 -1.000000 -1.000000 -1.000000 -1.000000 
43 4 Car -1 2 -1.000000 220.309200 176.434764 444.479254 259.403345 -1.000000 -1.000000 -1.000000 -1.000000 -1.000000 -1.000000 -1.000000 -1.000000 
44 4 Car -1 2 -1.000000 270.243832 176.178029 494.772579 260.335063 -1.000000 -1.000000 -1.000000 -1.000000 -1.000000 -1.000000 -1.000000 -1.000000 
45 4 Car -1 2 -1.000000 321.895569 176.027039 547.365779 261.465598 -1.000000 -1.000000 -1.000000 -1.000000 -1.000000 -1.000000 -1.000000 -1.000000 
46 4 Car -1 2 -1.000000 375.105888 175.871393 601.399939 262.631064 -1.000000 -1.000000 -1.000000 -1.000000 -1.000000 -1.000000 -1.000000 -1.000000 
47 4 Car -1 0 -1.000000 429.946359 175.710872 656.935139 263.833104 -1.000000 -1.000000 -1.000000 -1.000000 -1.000000 -1.000000 -1.000000 -1.000000 
48 4 Car -1 0 -1.000000 486.493021 175.545244 714.034876 265.073468 -1.000000 -1.000000 -1.000000 -1.000000 -1.000000 -1.000000 -1.000000 -1.000000 
49 4 Car -1 0 -1.000000 544.826676 175.374259 772.766231 266.354018 -1.000000 -1.000000 -1.000000 -1.000000 -1.000000 -1.000000 -1.000000 -1.000000 
50 4 Car -1 0 -1.000000 605.033348 175.197655 841.294589 267.676739 -1.000000 -1.000000 -1.000000 -1.000000 -1.000000 -1.000000 -1.000000 -1.000000 
51 4 Car -1 0 -1.000000 667.204657 175.015148 912.230660 269.043749 -1.000000 -1.000000 -1.000000 -1.000000 -1.000000 -1.000000 -1.000000 -1.000000 
52 4 Car -1 0 -1.000000 731.940891 174.831039 985.819854 270.300815 -1.000000 -1.000000 -1.000000 -1.000000 -1.000000 -1.000000 -1.000000 -1.000000 
53 4 Car -1 0 -1.000000 793.416209 174.641547 1061.669872 271.595433 -1.000000 -1.000000 -1.000000 -1.000000 -1.000000 -1.000000 -1.000000 -1.000000 
54 4 Car -1 0 -1.000000 853.736083 174.446428 1139.883249 272.929346 -1.000000 -1.000000 -1.000000 -1.000000 -1.000000 -1.000000 -1.000000 -1.000000 
55 4 Car -1 0 -1.000000 918.845851 174.232893 1223.964931 274.642350 -1.000000 -1.000000 -1.000000 -1.000000 -1.000000 -1.000000 -1.000000 -1.000000 
