[ 270.60574341  130.33354187  838.44171143  404.10507202]
[ -45.05618286  179.83287048  291.53649902  376.48022461]
[ 710.09228516  219.21626282  386.05541992  243.70631409]
[ 843.83074951  215.60392761  578.25616455  202.42526245]
[ 632.0793457   178.93611145  469.37442017  205.80889893]
[ 362.37457275  233.8081665   451.58215332  301.69949341]
[-187.35896301  111.38514709  343.0289917   369.18505859]
[ 615.5848999   280.36553955  781.32611084  281.73937988]
[ 453.91897583  214.39331055  537.13952637  224.31561279]
[ 463.04373169  266.04473877  719.29064941  143.26118469]
[  80.84277344  178.24725342  451.02609253  365.97644043]
[ -13.13429737   91.86765289  472.42803955  335.8487854 ]
[ 692.76123047  280.40640259  515.34552002  264.78845215]
[ 863.28198242  206.24232483  648.17956543  306.94372559]
[ 910.3404541   138.00357056  760.95202637  243.03483582]
[-295.81893921  150.96351624  265.44885254  339.26657104]
[ 398.30255127  181.92501831   73.77646637  339.39648438]
[  497.75396729   206.90898132  1063.69885254   364.79901123]
[ 923.05194092  259.61654663  690.71343994  214.48538208]
[  890.24957275   237.76177979  1095.98400879   314.88031006]
[   9.57145023  207.57644653  247.9463501   389.09078979]
[ 388.07904053  145.27410889  776.25482178  425.37179565]
[ 609.68536377  202.39700317  658.65985107  355.21154785]
[ 862.6831665   270.80514526  810.49310303  250.96437073]
[  909.34338379   316.27960205  1032.88537598   290.24905396]
