0 1 Car -1 0 -1.000000 309.586473 168.831580 407.511228 238.026437 -1.000000 -1.000000 -1.000000 -1.000000 -1.000000 -1.000000 -1.000000 -1.000000 
0 2 Car -1 0 -1.000000 407.069656 180.415112 468.793382 220.743484 -1.000000 -1.000000 -1.000000 -1.000000 -1.000000 -1.000000 -1.000000 -1.000000 
0 3 Car -1 0 -1.000000 465.824674 180.742674 510.371975 207.101424 -1.000000 -1.000000 -1.000000 -1.000000 -1.000000 -1.000000 -1.000000 -1.000000 
0 4 Tram -1 0 -1.000000 718.893237 153.513074 748.147336 186.020518 -1.000000 -1.000000 -1.000000 -1.000000 -1.000000 -1.000000 -1.000000 -1.000000 
0 5 Car -1 1 -1.000000 498.000858 175.419975 533.959835 202.976496 -1.000000 -1.000000 -1.000000 -1.000000 -1.000000 -1.000000 -1.000000 -1.000000 
1 1 Car -1 0 -1.000000 289.588162 169.313967 395.936405 242.853215 -1.000000 -1.000000 -1.000000 -1.000000 -1.000000 -1.000000 -1.000000 -1.000000 
1 2 Car -1 0 -1.000000 396.548210 181.843649 461.780013 224.198399 -1.000000 -1.000000 -1.000000 -1.000000 -1.000000 -1.000000 -1.000000 -1.000000 
1 3 Car -1 0 -1.000000 459.443944 182.032211 505.813515 209.434172 -1.000000 -1.000000 -1.000000 -1.000000 -1.000000 -1.000000 -1.000000 -1.000000 
1 4 Tram -1 0 -1.000000 719.077809 154.471418 749.057639 187.113650 -1.000000 -1.000000 -1.000000 -1.000000 -1.000000 -1.000000 -1.000000 -1.000000 
1 5 Car -1 1 -1.000000 493.211318 175.689397 530.395273 204.072507 -1.000000 -1.000000 -1.000000 -1.000000 -1.000000 -1.000000 -1.000000 -1.000000 
2 1 Car -1 0 -1.000000 266.093386 169.860467 382.614936 248.498514 -1.000000 -1.000000 -1.000000 -1.000000 -1.000000 -1.000000 -1.000000 -1.000000 
2 2 Car -1 0 -1.000000 385.022796 183.391400 454.180830 227.983262 -1.000000 -1.000000 -1.000000 -1.000000 -1.000000 -1.000000 -1.000000 -1.000000 
2 3 Car -1 0 -1.000000 452.604839 183.405333 500.959331 211.934623 -1.000000 -1.000000 -1.000000 -1.000000 -1.000000 -1.000000 -1.000000 -1.000000 
2 4 Tram -1 0 -1.000000 719.263635 155.437960 749.975601 188.216233 -1.000000 -1.000000 -1.000000 -1.000000 -1.000000 -1.000000 -1.000000 -1.000000 
2 5 Car -1 1 -1.000000 488.125387 175.975509 526.627215 205.236395 -1.000000 -1.000000 -1.000000 -1.000000 -1.000000 -1.000000 -1.000000 -1.000000 
3 1 Car -1 0 -1.000000 239.373376 169.190637 367.589069 253.582447 -1.000000 -1.000000 -1.000000 -1.000000 -1.000000 -1.000000 -1.000000 -1.000000 
3 2 Car -1 0 -1.000000 372.342489 185.073942 445.919258 232.147703 -1.000000 -1.000000 -1.000000 -1.000000 -1.000000 -1.000000 -1.000000 -1.000000 
3 3 Car -1 0 -1.000000 445.256112 184.870440 495.779694 214.621532 -1.000000 -1.000000 -1.000000 -1.000000 -1.000000 -1.000000 -1.000000 -1.000000 
3 4 Tram -1 0 -1.000000 719.450728 156.412803 750.901315 189.328386 -1.000000 -1.000000 -1.000000 -1.000000 -1.000000 -1.000000 -1.000000 -1.000000 
3 5 Car -1 1 -1.000000 482.590308 176.951578 522.522727 207.144136 -1.000000 -1.000000 -1.000000 -1.000000 -1.000000 -1.000000 -1.000000 -1.000000 
4 1 Car -1 0 -1.000000 208.440532 168.414989 350.662952 259.469007 -1.000000 -1.000000 -1.000000 -1.000000 -1.000000 -1.000000 -1.000000 -1.000000 
4 2 Car -1 0 -1.000000 357.869447 184.474473 436.504948 233.934070 -1.000000 -1.000000 -1.000000 -1.000000 -1.000000 -1.000000 -1.000000 -1.000000 
4 3 Car -1 0 -1.000000 437.106828 184.479641 490.029877 215.335399 -1.000000 -1.000000 -1.000000 -1.000000 -1.000000 -1.000000 -1.000000 -1.000000 
4 4 Tram -1 0 -1.000000 718.423875 156.216492 750.385719 189.281975 -1.000000 -1.000000 -1.000000 -1.000000 -1.000000 -1.000000 -1.000000 -1.000000 
4 5 Car -1 1 -1.000000 476.690173 177.992080 518.169817 209.177795 -1.000000 -1.000000 -1.000000 -1.000000 -1.000000 -1.000000 -1.000000 -1.000000 
5 1 Car -1 0 -1.000000 172.213234 167.506297 331.451794 266.364557 -1.000000 -1.000000 -1.000000 -1.000000 -1.000000 -1.000000 -1.000000 -1.000000 
5 2 Car -1 0 -1.000000 341.787284 183.817916 426.193230 235.919201 -1.000000 -1.000000 -1.000000 -1.000000 -1.000000 -1.000000 -1.000000 -1.000000 
5 3 Car -1 0 -1.000000 428.302344 184.060829 483.867506 216.106689 -1.000000 -1.000000 -1.000000 -1.000000 -1.000000 -1.000000 -1.000000 -1.000000 
5 4 Tram -1 0 -1.000000 717.390097 156.018434 749.865248 189.235120 -1.000000 -1.000000 -1.000000 -1.000000 -1.000000 -1.000000 -1.000000 -1.000000 
5 5 Car -1 1 -1.000000 471.008809 177.704200 513.280105 209.302755 -1.000000 -1.000000 -1.000000 -1.000000 -1.000000 -1.000000 -1.000000 -1.000000 
6 1 Car -1 0 -1.000000 129.204943 166.427120 309.459395 274.552833 -1.000000 -1.000000 -1.000000 -1.000000 -1.000000 -1.000000 -1.000000 -1.000000 
6 2 Car -1 0 -1.000000 323.811819 183.095707 414.849390 238.138227 -1.000000 -1.000000 -1.000000 -1.000000 -1.000000 -1.000000 -1.000000 -1.000000 
6 3 Car -1 0 -1.000000 418.760318 183.610878 477.246541 216.942623 -1.000000 -1.000000 -1.000000 -1.000000 -1.000000 -1.000000 -1.000000 -1.000000 
6 4 Tram -1 0 -1.000000 716.349323 155.818606 749.339834 189.187815 -1.000000 -1.000000 -1.000000 -1.000000 -1.000000 -1.000000 -1.000000 -1.000000 
6 5 Car -1 1 -1.000000 464.184350 177.441944 508.322625 210.242709 -1.000000 -1.000000 -1.000000 -1.000000 -1.000000 -1.000000 -1.000000 -1.000000 
7 1 Car -1 0 -1.000000 79.316666 164.948779 284.737570 283.838191 -1.000000 -1.000000 -1.000000 -1.000000 -1.000000 -1.000000 -1.000000 -1.000000 
7 2 Car -1 0 -1.000000 303.448739 183.639668 402.711157 242.244975 -1.000000 -1.000000 -1.000000 -1.000000 -1.000000 -1.000000 -1.000000 -1.000000 
7 3 Car -1 0 -1.000000 408.119960 184.236778 469.992747 219.086967 -1.000000 -1.000000 -1.000000 -1.000000 -1.000000 -1.000000 -1.000000 -1.000000 
7 4 Tram -1 0 -1.000000 715.301479 155.616984 748.809409 189.140053 -1.000000 -1.000000 -1.000000 -1.000000 -1.000000 -1.000000 -1.000000 -1.000000 
7 5 Car -1 1 -1.000000 456.820800 177.158965 503.008673 211.256969 -1.000000 -1.000000 -1.000000 -1.000000 -1.000000 -1.000000 -1.000000 -1.000000 
8 1 Car -1 0 -1.000000 18.417930 163.144223 256.008094 295.176842 -1.000000 -1.000000 -1.000000 -1.000000 -1.000000 -1.000000 -1.000000 -1.000000 
8 2 Car -1 0 -1.000000 280.357264 184.244777 389.207217 246.902500 -1.000000 -1.000000 -1.000000 -1.000000 -1.000000 -1.000000 -1.000000 -1.000000 
8 3 Car -1 0 -1.000000 396.520268 184.912397 462.162476 221.424746 -1.000000 -1.000000 -1.000000 -1.000000 -1.000000 -1.000000 -1.000000 -1.000000 
8 4 Tram -1 0 -1.000000 714.246491 155.413544 748.273903 189.091829 -1.000000 -1.000000 -1.000000 -1.000000 -1.000000 -1.000000 -1.000000 -1.000000 
8 5 Car -1 1 -1.000000 448.851634 176.852705 497.298383 212.354708 -1.000000 -1.000000 -1.000000 -1.000000 -1.000000 -1.000000 -1.000000 -1.000000 
8 6 Car -1 2 -1.000000 478.458920 185.324194 515.236038 210.871615 -1.000000 -1.000000 -1.000000 -1.000000 -1.000000 -1.000000 -1.000000 -1.000000 
9 2 Car -1 0 -1.000000 255.139850 183.209194 373.847282 249.898901 -1.000000 -1.000000 -1.000000 -1.000000 -1.000000 -1.000000 -1.000000 -1.000000 
9 3 Car -1 0 -1.000000 383.825376 185.643903 453.684166 223.983371 -1.000000 -1.000000 -1.000000 -1.000000 -1.000000 -1.000000 -1.000000 -1.000000 
9 4 Tram -1 0 -1.000000 712.332033 153.859480 746.786180 187.661130 -1.000000 -1.000000 -1.000000 -1.000000 -1.000000 -1.000000 -1.000000 -1.000000 
9 5 Car -1 1 -1.000000 440.198910 176.520169 491.145716 213.546674 -1.000000 -1.000000 -1.000000 -1.000000 -1.000000 -1.000000 -1.000000 -1.000000 
9 6 Car -1 2 -1.000000 471.980536 183.792236 510.128782 210.030344 -1.000000 -1.000000 -1.000000 -1.000000 -1.000000 -1.000000 -1.000000 -1.000000 
10 2 Car -1 0 -1.000000 226.251903 182.051560 356.673603 253.331918 -1.000000 -1.000000 -1.000000 -1.000000 -1.000000 -1.000000 -1.000000 -1.000000 
10 3 Car -1 0 -1.000000 369.851320 183.927065 444.374937 223.863287 -1.000000 -1.000000 -1.000000 -1.000000 -1.000000 -1.000000 -1.000000 -1.000000 
10 4 Tram -1 0 -1.000000 710.407628 152.294548 745.287627 186.219994 -1.000000 -1.000000 -1.000000 -1.000000 -1.000000 -1.000000 -1.000000 -1.000000 
10 5 Car -1 1 -1.000000 431.341217 175.030613 484.661497 213.490683 -1.000000 -1.000000 -1.000000 -1.000000 -1.000000 -1.000000 -1.000000 -1.000000 
10 6 Car -1 2 -1.000000 465.074760 182.167423 504.711558 209.133486 -1.000000 -1.000000 -1.000000 -1.000000 -1.000000 -1.000000 -1.000000 -1.000000 
10 7 Car -1 2 -1.000000 481.479663 177.617483 523.788680 206.846645 -1.000000 -1.000000 -1.000000 -1.000000 -1.000000 -1.000000 -1.000000 -1.000000 
11 2 Car -1 0 -1.000000 192.828848 180.748931 337.344940 257.304502 -1.000000 -1.000000 -1.000000 -1.000000 -1.000000 -1.000000 -1.000000 -1.000000 
11 3 Car -1 0 -1.000000 354.460436 182.059618 434.248619 223.731018 -1.000000 -1.000000 -1.000000 -1.000000 -1.000000 -1.000000 -1.000000 -1.000000 
11 4 Tram -1 0 -1.000000 708.473193 150.718645 743.778133 184.768318 -1.000000 -1.000000 -1.000000 -1.000000 -1.000000 -1.000000 -1.000000 -1.000000 
11 5 Car -1 1 -1.000000 421.171361 173.791807 477.168503 213.797244 -1.000000 -1.000000 -1.000000 -1.000000 -1.000000 -1.000000 -1.000000 -1.000000 
11 6 Car -1 2 -1.000000 456.833178 181.184703 498.156604 208.981807 -1.000000 -1.000000 -1.000000 -1.000000 -1.000000 -1.000000 -1.000000 -1.000000 
11 7 Car -1 2 -1.000000 474.772384 176.036936 518.601643 206.150679 -1.000000 -1.000000 -1.000000 -1.000000 -1.000000 -1.000000 -1.000000 -1.000000 
12 2 Car -1 0 -1.000000 153.793717 183.316688 316.330312 267.295053 -1.000000 -1.000000 -1.000000 -1.000000 -1.000000 -1.000000 -1.000000 -1.000000 
12 3 Car -1 0 -1.000000 338.725598 183.160407 423.799313 227.190613 -1.000000 -1.000000 -1.000000 -1.000000 -1.000000 -1.000000 -1.000000 -1.000000 
12 4 Tram -1 0 -1.000000 706.766271 152.596720 742.577033 186.765531 -1.000000 -1.000000 -1.000000 -1.000000 -1.000000 -1.000000 -1.000000 -1.000000 
12 5 Car -1 1 -1.000000 410.319080 174.684763 469.269805 216.360845 -1.000000 -1.000000 -1.000000 -1.000000 -1.000000 -1.000000 -1.000000 -1.000000 
12 6 Car -1 2 -1.000000 448.028133 182.086269 491.196385 210.943808 -1.000000 -1.000000 -1.000000 -1.000000 -1.000000 -1.000000 -1.000000 -1.000000 
12 7 Car -1 2 -1.000000 467.495858 176.652924 512.985152 207.700528 -1.000000 -1.000000 -1.000000 -1.000000 -1.000000 -1.000000 -1.000000 -1.000000 
13 2 Car -1 0 -1.000000 107.232363 186.266987 292.181637 279.214402 -1.000000 -1.000000 -1.000000 -1.000000 -1.000000 -1.000000 -1.000000 -1.000000 
13 3 Car -1 0 -1.000000 321.252407 184.364176 412.370828 231.032898 -1.000000 -1.000000 -1.000000 -1.000000 -1.000000 -1.000000 -1.000000 -1.000000 
13 4 Tram -1 0 -1.000000 705.050199 154.488518 741.366827 188.777732 -1.000000 -1.000000 -1.000000 -1.000000 -1.000000 -1.000000 -1.000000 -1.000000 
13 5 Car -1 1 -1.000000 398.520014 175.655525 460.760159 219.148336 -1.000000 -1.000000 -1.000000 -1.000000 -1.000000 -1.000000 -1.000000 -1.000000 
13 6 Car -1 2 -1.000000 438.579156 183.047874 483.772183 213.049415 -1.000000 -1.000000 -1.000000 -1.000000 -1.000000 -1.000000 -1.000000 -1.000000 
13 7 Car -1 2 -1.000000 459.753072 177.308330 507.044249 209.349791 -1.000000 -1.000000 -1.000000 -1.000000 -1.000000 -1.000000 -1.000000 -1.000000 
14 2 Car -1 0 -1.000000 53.090472 186.008423 265.466108 288.508489 -1.000000 -1.000000 -1.000000 -1.000000 -1.000000 -1.000000 -1.000000 -1.000000 
14 3 Car -1 0 -1.000000 301.735786 185.686091 399.818875 235.325080 -1.000000 -1.000000 -1.000000 -1.000000 -1.000000 -1.000000 -1.000000 -1.000000 
14 4 Tram -1 0 -1.000000 703.539905 154.244338 740.376784 188.711677 -1.000000 -1.000000 -1.000000 -1.000000 -1.000000 -1.000000 -1.000000 -1.000000 
14 5 Car -1 1 -1.000000 385.932540 175.802668 451.821565 221.280869 -1.000000 -1.000000 -1.000000 -1.000000 -1.000000 -1.000000 -1.000000 -1.000000 
14 6 Car -1 2 -1.000000 429.462121 183.605796 476.793719 214.780378 -1.000000 -1.000000 -1.000000 -1.000000 -1.000000 -1.000000 -1.000000 -1.000000 
14 7 Car -1 2 -1.000000 451.497706 178.007060 500.750010 211.108350 -1.000000 -1.000000 -1.000000 -1.000000 -1.000000 -1.000000 -1.000000 -1.000000 
15 3 Car -1 0 -1.000000 279.794840 187.144451 385.969347 240.151078 -1.000000 -1.000000 -1.000000 -1.000000 -1.000000 -1.000000 -1.000000 -1.000000 
15 4 Tram -1 0 -1.000000 702.017994 153.997680 739.376170 188.644902 -1.000000 -1.000000 -1.000000 -1.000000 -1.000000 -1.000000 -1.000000 -1.000000 
15 5 Car -1 1 -1.000000 372.723170 176.497315 442.750198 223.988668 -1.000000 -1.000000 -1.000000 -1.000000 -1.000000 -1.000000 -1.000000 -1.000000 
15 6 Car -1 2 -1.000000 419.638134 184.202861 469.325231 216.645662 -1.000000 -1.000000 -1.000000 -1.000000 -1.000000 -1.000000 -1.000000 -1.000000 
15 7 Car -1 2 -1.000000 442.677092 178.753554 494.069966 212.987439 -1.000000 -1.000000 -1.000000 -1.000000 -1.000000 -1.000000 -1.000000 -1.000000 
16 3 Car -1 0 -1.000000 254.482482 187.946868 370.904659 244.737209 -1.000000 -1.000000 -1.000000 -1.000000 -1.000000 -1.000000 -1.000000 -1.000000 
16 4 Tram -1 0 -1.000000 700.484325 153.748506 738.364822 188.577398 -1.000000 -1.000000 -1.000000 -1.000000 -1.000000 -1.000000 -1.000000 -1.000000 
16 5 Car -1 1 -1.000000 359.290072 176.715289 433.935954 226.496841 -1.000000 -1.000000 -1.000000 -1.000000 -1.000000 -1.000000 -1.000000 -1.000000 
16 6 Car -1 2 -1.000000 409.021629 184.843339 461.313244 218.661535 -1.000000 -1.000000 -1.000000 -1.000000 -1.000000 -1.000000 -1.000000 -1.000000 
16 7 Car -1 2 -1.000000 434.931350 178.876958 488.534115 214.310468 -1.000000 -1.000000 -1.000000 -1.000000 -1.000000 -1.000000 -1.000000 -1.000000 
17 3 Car -1 0 -1.000000 228.033807 188.762603 355.682143 249.627251 -1.000000 -1.000000 -1.000000 -1.000000 -1.000000 -1.000000 -1.000000 -1.000000 
17 4 Tram -1 0 -1.000000 698.938757 153.496777 737.342571 188.509154 -1.000000 -1.000000 -1.000000 -1.000000 -1.000000 -1.000000 -1.000000 -1.000000 
17 5 Car -1 1 -1.000000 344.496434 176.955415 424.344222 229.259239 -1.000000 -1.000000 -1.000000 -1.000000 -1.000000 -1.000000 -1.000000 -1.000000 
17 6 Car -1 2 -1.000000 397.512652 185.532144 452.696211 220.846996 -1.000000 -1.000000 -1.000000 -1.000000 -1.000000 -1.000000 -1.000000 -1.000000 
17 7 Car -1 2 -1.000000 426.623407 179.009313 482.640971 215.729602 -1.000000 -1.000000 -1.000000 -1.000000 -1.000000 -1.000000 -1.000000 -1.000000 
17 8 Car -1 0 -1.000000 480.394569 181.398779 519.476210 206.533315 -1.000000 -1.000000 -1.000000 -1.000000 -1.000000 -1.000000 -1.000000 -1.000000 
18 3 Car -1 0 -1.000000 197.696135 189.675004 338.654398 255.236978 -1.000000 -1.000000 -1.000000 -1.000000 -1.000000 -1.000000 -1.000000 -1.000000 
18 4 Tram -1 0 -1.000000 697.381146 153.242457 736.309247 188.440157 -1.000000 -1.000000 -1.000000 -1.000000 -1.000000 -1.000000 -1.000000 -1.000000 
18 5 Car -1 0 -1.000000 328.124532 177.221250 413.867387 232.316576 -1.000000 -1.000000 -1.000000 -1.000000 -1.000000 -1.000000 -1.000000 -1.000000 
18 6 Car -1 1 -1.000000 384.993698 186.274960 443.402927 223.224386 -1.000000 -1.000000 -1.000000 -1.000000 -1.000000 -1.000000 -1.000000 -1.000000 
18 7 Car -1 2 -1.000000 417.689729 179.151630 476.354805 217.255708 -1.000000 -1.000000 -1.000000 -1.000000 -1.000000 -1.000000 -1.000000 -1.000000 
18 8 Car -1 0 -1.000000 474.211154 181.748313 514.653137 207.633600 -1.000000 -1.000000 -1.000000 -1.000000 -1.000000 -1.000000 -1.000000 -1.000000 
19 3 Car -1 0 -1.000000 162.543642 190.702335 319.480067 261.737888 -1.000000 -1.000000 -1.000000 -1.000000 -1.000000 -1.000000 -1.000000 -1.000000 
19 4 Tram -1 0 -1.000000 696.279540 153.037224 735.618451 188.374106 -1.000000 -1.000000 -1.000000 -1.000000 -1.000000 -1.000000 -1.000000 -1.000000 
19 5 Car -1 0 -1.000000 310.611706 177.151115 402.363871 235.300085 -1.000000 -1.000000 -1.000000 -1.000000 -1.000000 -1.000000 -1.000000 -1.000000 
19 6 Car -1 1 -1.000000 373.318209 186.409252 436.235746 224.998964 -1.000000 -1.000000 -1.000000 -1.000000 -1.000000 -1.000000 -1.000000 -1.000000 
19 7 Car -1 2 -1.000000 408.053413 178.855940 469.631577 218.452856 -1.000000 -1.000000 -1.000000 -1.000000 -1.000000 -1.000000 -1.000000 -1.000000 
19 8 Car -1 0 -1.000000 467.662809 182.116644 509.570452 208.798872 -1.000000 -1.000000 -1.000000 -1.000000 -1.000000 -1.000000 -1.000000 -1.000000 
20 3 Car -1 0 -1.000000 122.750730 191.557189 298.115335 268.967882 -1.000000 -1.000000 -1.000000 -1.000000 -1.000000 -1.000000 -1.000000 -1.000000 
20 4 Tram -1 0 -1.000000 695.171508 152.830404 734.922027 188.307512 -1.000000 -1.000000 -1.000000 -1.000000 -1.000000 -1.000000 -1.000000 -1.000000 
20 5 Car -1 0 -1.000000 291.046957 177.072815 389.721037 238.633641 -1.000000 -1.000000 -1.000000 -1.000000 -1.000000 -1.000000 -1.000000 -1.000000 
20 6 Car -1 1 -1.000000 360.583187 186.554790 428.467950 226.935208 -1.000000 -1.000000 -1.000000 -1.000000 -1.000000 -1.000000 -1.000000 -1.000000 
20 7 Car -1 1 -1.000000 397.632291 178.536200 462.428048 219.747576 -1.000000 -1.000000 -1.000000 -1.000000 -1.000000 -1.000000 -1.000000 -1.000000 
20 8 Car -1 0 -1.000000 462.519880 181.129522 505.888402 208.528921 -1.000000 -1.000000 -1.000000 -1.000000 -1.000000 -1.000000 -1.000000 -1.000000 
21 3 Car -1 0 -1.000000 75.443363 192.534391 273.688774 277.565128 -1.000000 -1.000000 -1.000000 -1.000000 -1.000000 -1.000000 -1.000000 -1.000000 
21 4 Tram -1 0 -1.000000 694.056990 152.621979 734.219908 188.240370 -1.000000 -1.000000 -1.000000 -1.000000 -1.000000 -1.000000 -1.000000 -1.000000 
21 5 Car -1 0 -1.000000 269.047001 176.984834 375.760955 242.382688 -1.000000 -1.000000 -1.000000 -1.000000 -1.000000 -1.000000 -1.000000 -1.000000 
21 6 Car -1 1 -1.000000 346.637067 186.713040 420.021166 229.056279 -1.000000 -1.000000 -1.000000 -1.000000 -1.000000 -1.000000 -1.000000 -1.000000 
21 7 Car -1 1 -1.000000 387.347118 178.525035 455.596257 221.443843 -1.000000 -1.000000 -1.000000 -1.000000 -1.000000 -1.000000 -1.000000 -1.000000 
21 8 Car -1 0 -1.000000 455.984567 181.439177 501.020642 209.727899 -1.000000 -1.000000 -1.000000 -1.000000 -1.000000 -1.000000 -1.000000 -1.000000 
22 3 Car -1 0 -1.000000 18.270370 193.662231 245.491771 287.957964 -1.000000 -1.000000 -1.000000 -1.000000 -1.000000 -1.000000 -1.000000 -1.000000 
22 4 Tram -1 0 -1.000000 692.935928 152.411930 733.512027 188.172673 -1.000000 -1.000000 -1.000000 -1.000000 -1.000000 -1.000000 -1.000000 -1.000000 
22 5 Car -1 0 -1.000000 244.126761 176.885254 360.266610 246.630071 -1.000000 -1.000000 -1.000000 -1.000000 -1.000000 -1.000000 -1.000000 -1.000000 
22 6 Car -1 1 -1.000000 331.297903 186.885734 410.802797 231.389983 -1.000000 -1.000000 -1.000000 -1.000000 -1.000000 -1.000000 -1.000000 -1.000000 
22 7 Car -1 1 -1.000000 376.173524 178.512908 448.251818 223.286740 -1.000000 -1.000000 -1.000000 -1.000000 -1.000000 -1.000000 -1.000000 -1.000000 
22 8 Car -1 0 -1.000000 449.025857 181.766968 495.867567 211.004608 -1.000000 -1.000000 -1.000000 -1.000000 -1.000000 -1.000000 -1.000000 -1.000000 
23 4 Tram -1 0 -1.000000 691.808260 152.200238 732.798315 188.104413 -1.000000 -1.000000 -1.000000 -1.000000 -1.000000 -1.000000 -1.000000 -1.000000 
23 5 Car -1 0 -1.000000 217.634968 176.696552 344.395500 251.265400 -1.000000 -1.000000 -1.000000 -1.000000 -1.000000 -1.000000 -1.000000 -1.000000 
23 6 Car -1 1 -1.000000 314.345336 187.074932 400.702629 233.970000 -1.000000 -1.000000 -1.000000 -1.000000 -1.000000 -1.000000 -1.000000 -1.000000 
23 7 Car -1 1 -1.000000 363.991190 178.499688 440.334790 225.296139 -1.000000 -1.000000 -1.000000 -1.000000 -1.000000 -1.000000 -1.000000 -1.000000 
23 8 Car -1 0 -1.000000 441.601214 182.114535 490.403343 212.366858 -1.000000 -1.000000 -1.000000 -1.000000 -1.000000 -1.000000 -1.000000 -1.000000 
23 9 Car -1 2 -1.000000 468.321481 181.506357 508.923969 207.211927 -1.000000 -1.000000 -1.000000 -1.000000 -1.000000 -1.000000 -1.000000 -1.000000 
24 4 Tram -1 0 -1.000000 690.274688 151.440718 732.164120 187.465628 -1.000000 -1.000000 -1.000000 -1.000000 -1.000000 -1.000000 -1.000000 -1.000000 
24 5 Car -1 0 -1.000000 187.212457 176.480045 326.623962 256.589508 -1.000000 -1.000000 -1.000000 -1.000000 -1.000000 -1.000000 -1.000000 -1.000000 
24 6 Car -1 1 -1.000000 295.886251 187.730937 388.834940 237.406548 -1.000000 -1.000000 -1.000000 -1.000000 -1.000000 -1.000000 -1.000000 -1.000000 
24 7 Car -1 1 -1.000000 350.657036 178.485220 431.775506 227.495673 -1.000000 -1.000000 -1.000000 -1.000000 -1.000000 -1.000000 -1.000000 -1.000000 
24 8 Car -1 0 -1.000000 433.662212 182.483725 484.598921 213.823546 -1.000000 -1.000000 -1.000000 -1.000000 -1.000000 -1.000000 -1.000000 -1.000000 
24 9 Car -1 2 -1.000000 461.923611 181.562208 504.038921 208.047617 -1.000000 -1.000000 -1.000000 -1.000000 -1.000000 -1.000000 -1.000000 -1.000000 
25 4 Tram -1 0 -1.000000 688.733791 150.676309 731.524967 186.822347 -1.000000 -1.000000 -1.000000 -1.000000 -1.000000 -1.000000 -1.000000 -1.000000 
25 5 Car -1 0 -1.000000 151.913936 176.229093 306.589143 262.768241 -1.000000 -1.000000 -1.000000 -1.000000 -1.000000 -1.000000 -1.000000 -1.000000 
25 6 Car -1 1 -1.000000 275.188034 188.455611 375.724144 241.260271 -1.000000 -1.000000 -1.000000 -1.000000 -1.000000 -1.000000 -1.000000 -1.000000 
25 7 Car -1 1 -1.000000 335.999596 178.469319 422.492526 229.913669 -1.000000 -1.000000 -1.000000 -1.000000 -1.000000 -1.000000 -1.000000 -1.000000 
25 8 Car -1 0 -1.000000 425.548021 182.424891 478.731223 214.841417 -1.000000 -1.000000 -1.000000 -1.000000 -1.000000 -1.000000 -1.000000 -1.000000 
25 9 Car -1 2 -1.000000 455.789737 181.613583 499.452680 208.898623 -1.000000 -1.000000 -1.000000 -1.000000 -1.000000 -1.000000 -1.000000 -1.000000 
26 4 Tram -1 0 -1.000000 687.185510 149.906975 730.880797 186.174532 -1.000000 -1.000000 -1.000000 -1.000000 -1.000000 -1.000000 -1.000000 -1.000000 
26 5 Car -1 0 -1.000000 110.464594 175.934763 283.829532 270.025336 -1.000000 -1.000000 -1.000000 -1.000000 -1.000000 -1.000000 -1.000000 -1.000000 
26 6 Car -1 1 -1.000000 252.358568 189.232633 361.448616 245.471462 -1.000000 -1.000000 -1.000000 -1.000000 -1.000000 -1.000000 -1.000000 -1.000000 
26 7 Car -1 1 -1.000000 319.811567 178.451760 412.390019 232.584375 -1.000000 -1.000000 -1.000000 -1.000000 -1.000000 -1.000000 -1.000000 -1.000000 
26 8 Car -1 0 -1.000000 416.852170 182.362298 472.488223 215.932298 -1.000000 -1.000000 -1.000000 -1.000000 -1.000000 -1.000000 -1.000000 -1.000000 
26 9 Car -1 2 -1.000000 449.275874 181.667849 494.608397 209.802380 -1.000000 -1.000000 -1.000000 -1.000000 -1.000000 -1.000000 -1.000000 -1.000000 
27 4 Tram -1 0 -1.000000 685.629786 149.132677 730.231551 185.522144 -1.000000 -1.000000 -1.000000 -1.000000 -1.000000 -1.000000 -1.000000 -1.000000 
27 5 Car -1 0 -1.000000 62.150217 176.730829 258.483523 279.769459 -1.000000 -1.000000 -1.000000 -1.000000 -1.000000 -1.000000 -1.000000 -1.000000 
27 6 Car -1 1 -1.000000 226.483898 190.097486 345.558271 250.244856 -1.000000 -1.000000 -1.000000 -1.000000 -1.000000 -1.000000 -1.000000 -1.000000 
27 7 Car -1 1 -1.000000 302.299384 178.656789 401.506461 235.775506 -1.000000 -1.000000 -1.000000 -1.000000 -1.000000 -1.000000 -1.000000 -1.000000 
27 8 Car -1 0 -1.000000 407.509779 182.295574 465.832732 217.104335 -1.000000 -1.000000 -1.000000 -1.000000 -1.000000 -1.000000 -1.000000 -1.000000 
27 9 Car -1 2 -1.000000 442.345574 181.725254 489.483672 210.763950 -1.000000 -1.000000 -1.000000 -1.000000 -1.000000 -1.000000 -1.000000 -1.000000 
28 4 Tram -1 0 -1.000000 684.065119 149.068732 729.588433 185.590766 -1.000000 -1.000000 -1.000000 -1.000000 -1.000000 -1.000000 -1.000000 -1.000000 
28 5 Car -1 0 -1.000000 3.700432 177.692450 229.171403 291.561480 -1.000000 -1.000000 -1.000000 -1.000000 -1.000000 -1.000000 -1.000000 -1.000000 
28 6 Car -1 1 -1.000000 196.911178 191.065954 327.762692 255.726730 -1.000000 -1.000000 -1.000000 -1.000000 -1.000000 -1.000000 -1.000000 -1.000000 
28 7 Car -1 1 -1.000000 282.744793 178.885651 389.571695 239.339242 -1.000000 -1.000000 -1.000000 -1.000000 -1.000000 -1.000000 -1.000000 -1.000000 
28 8 Car -1 0 -1.000000 397.445947 182.224297 458.722483 218.366937 -1.000000 -1.000000 -1.000000 -1.000000 -1.000000 -1.000000 -1.000000 -1.000000 
28 9 Car -1 2 -1.000000 434.957576 181.786081 484.053432 211.789063 -1.000000 -1.000000 -1.000000 -1.000000 -1.000000 -1.000000 -1.000000 -1.000000 
29 4 Tram -1 0 -1.000000 682.492204 149.004476 728.939818 185.659882 -1.000000 -1.000000 -1.000000 -1.000000 -1.000000 -1.000000 -1.000000 -1.000000 
29 6 Car -1 1 -1.000000 162.786585 192.157845 307.697381 262.078830 -1.000000 -1.000000 -1.000000 -1.000000 -1.000000 -1.000000 -1.000000 -1.000000 
29 7 Car -1 1 -1.000000 262.150869 179.104297 377.341459 243.155682 -1.000000 -1.000000 -1.000000 -1.000000 -1.000000 -1.000000 -1.000000 -1.000000 
29 8 Car -1 0 -1.000000 386.573737 182.147983 451.109227 219.731021 -1.000000 -1.000000 -1.000000 -1.000000 -1.000000 -1.000000 -1.000000 -1.000000 
29 9 Car -1 2 -1.000000 427.064980 181.850643 478.289527 212.884233 -1.000000 -1.000000 -1.000000 -1.000000 -1.000000 -1.000000 -1.000000 -1.000000 
30 4 Tram -1 0 -1.000000 680.910968 148.939905 728.285638 185.729496 -1.000000 -1.000000 -1.000000 -1.000000 -1.000000 -1.000000 -1.000000 -1.000000 
30 6 Car -1 1 -1.000000 124.688685 193.479160 286.083513 269.599615 -1.000000 -1.000000 -1.000000 -1.000000 -1.000000 -1.000000 -1.000000 -1.000000 
30 7 Car -1 1 -1.000000 238.954161 179.350461 363.858777 247.455061 -1.000000 -1.000000 -1.000000 -1.000000 -1.000000 -1.000000 -1.000000 -1.000000 
30 8 Car -1 0 -1.000000 376.283515 182.360709 444.065981 221.546543 -1.000000 -1.000000 -1.000000 -1.000000 -1.000000 -1.000000 -1.000000 -1.000000 
30 9 Car -1 2 -1.000000 419.243173 181.526272 472.783068 213.602937 -1.000000 -1.000000 -1.000000 -1.000000 -1.000000 -1.000000 -1.000000 -1.000000 
31 4 Tram -1 0 -1.000000 679.321337 148.875019 727.625824 185.799614 -1.000000 -1.000000 -1.000000 -1.000000 -1.000000 -1.000000 -1.000000 -1.000000 
31 6 Car -1 1 -1.000000 79.632491 194.993407 261.310231 278.504254 -1.000000 -1.000000 -1.000000 -1.000000 -1.000000 -1.000000 -1.000000 -1.000000 
31 7 Car -1 1 -1.000000 212.627809 179.629682 348.920971 252.335238 -1.000000 -1.000000 -1.000000 -1.000000 -1.000000 -1.000000 -1.000000 -1.000000 
31 8 Car -1 0 -1.000000 365.092919 182.589603 436.486670 223.521100 -1.000000 -1.000000 -1.000000 -1.000000 -1.000000 -1.000000 -1.000000 -1.000000 
31 9 Car -1 2 -1.000000 410.857268 181.180987 466.921415 214.373499 -1.000000 -1.000000 -1.000000 -1.000000 -1.000000 -1.000000 -1.000000 -1.000000 
32 4 Tram -1 0 -1.000000 677.723238 148.809814 726.960305 185.870241 -1.000000 -1.000000 -1.000000 -1.000000 -1.000000 -1.000000 -1.000000 -1.000000 
32 6 Car -1 1 -1.000000 25.519889 196.746170 232.630303 289.213390 -1.000000 -1.000000 -1.000000 -1.000000 -1.000000 -1.000000 -1.000000 -1.000000 
32 7 Car -1 1 -1.000000 182.080353 180.645802 332.376083 258.758333 -1.000000 -1.000000 -1.000000 -1.000000 -1.000000 -1.000000 -1.000000 -1.000000 
32 8 Car -1 0 -1.000000 352.878296 182.836582 428.307730 225.676547 -1.000000 -1.000000 -1.000000 -1.000000 -1.000000 -1.000000 -1.000000 -1.000000 
32 9 Car -1 2 -1.000000 401.589701 182.780801 460.442940 217.409930 -1.000000 -1.000000 -1.000000 -1.000000 -1.000000 -1.000000 -1.000000 -1.000000 
33 4 Tram -1 0 -1.000000 676.116594 148.744288 726.289011 185.941382 -1.000000 -1.000000 -1.000000 -1.000000 -1.000000 -1.000000 -1.000000 -1.000000 
33 7 Car -1 1 -1.000000 146.711781 181.634259 313.799580 266.196401 -1.000000 -1.000000 -1.000000 -1.000000 -1.000000 -1.000000 -1.000000 -1.000000 
33 8 Car -1 0 -1.000000 339.492262 183.103879 419.455132 228.038933 -1.000000 -1.000000 -1.000000 -1.000000 -1.000000 -1.000000 -1.000000 -1.000000 
33 9 Car -1 2 -1.000000 391.001689 183.170743 453.114495 219.280395 -1.000000 -1.000000 -1.000000 -1.000000 -1.000000 -1.000000 -1.000000 -1.000000 
33 11 Cyclist -1 0 -1.000000 834.651428 159.320236 854.116631 194.341871 -1.000000 -1.000000 -1.000000 -1.000000 -1.000000 -1.000000 -1.000000 -1.000000 
34 4 Tram -1 0 -1.000000 674.501328 148.678438 725.611869 186.013041 -1.000000 -1.000000 -1.000000 -1.000000 -1.000000 -1.000000 -1.000000 -1.000000 
34 7 Car -1 1 -1.000000 105.282942 182.751891 292.792797 274.910657 -1.000000 -1.000000 -1.000000 -1.000000 -1.000000 -1.000000 -1.000000 -1.000000 
34 8 Car -1 0 -1.000000 324.564050 183.826108 409.849837 231.136555 -1.000000 -1.000000 -1.000000 -1.000000 -1.000000 -1.000000 -1.000000 -1.000000 
34 9 Car -1 2 -1.000000 379.500753 183.590347 445.228319 221.312226 -1.000000 -1.000000 -1.000000 -1.000000 -1.000000 -1.000000 -1.000000 -1.000000 
34 11 Cyclist -1 0 -1.000000 836.592173 158.840364 856.474134 194.445151 -1.000000 -1.000000 -1.000000 -1.000000 -1.000000 -1.000000 -1.000000 -1.000000 
35 4 Tram -1 0 -1.000000 672.284548 148.281026 724.708400 185.718215 -1.000000 -1.000000 -1.000000 -1.000000 -1.000000 -1.000000 -1.000000 -1.000000 
35 7 Car -1 1 -1.000000 56.090255 184.025793 268.845470 285.260362 -1.000000 -1.000000 -1.000000 -1.000000 -1.000000 -1.000000 -1.000000 -1.000000 
35 8 Car -1 0 -1.000000 308.058556 184.612963 399.384313 234.561741 -1.000000 -1.000000 -1.000000 -1.000000 -1.000000 -1.000000 -1.000000 -1.000000 
35 9 Car -1 2 -1.000000 368.597907 184.116555 437.654137 223.485017 -1.000000 -1.000000 -1.000000 -1.000000 -1.000000 -1.000000 -1.000000 -1.000000 
35 11 Cyclist -1 0 -1.000000 838.595634 158.344242 858.911510 194.551930 -1.000000 -1.000000 -1.000000 -1.000000 -1.000000 -1.000000 -1.000000 -1.000000 
36 4 Tram -1 0 -1.000000 670.059024 147.881805 723.797933 185.421556 -1.000000 -1.000000 -1.000000 -1.000000 -1.000000 -1.000000 -1.000000 -1.000000 
36 8 Car -1 0 -1.000000 289.711825 185.473524 387.937603 238.369348 -1.000000 -1.000000 -1.000000 -1.000000 -1.000000 -1.000000 -1.000000 -1.000000 
36 9 Car -1 2 -1.000000 356.744579 184.682612 429.505413 225.847463 -1.000000 -1.000000 -1.000000 -1.000000 -1.000000 -1.000000 -1.000000 -1.000000 
36 10 Car -1 0 -1.000000 470.423809 178.255873 508.810173 203.637459 -1.000000 -1.000000 -1.000000 -1.000000 -1.000000 -1.000000 -1.000000 -1.000000 
36 11 Cyclist -1 0 -1.000000 840.664898 157.831030 861.432890 194.662389 -1.000000 -1.000000 -1.000000 -1.000000 -1.000000 -1.000000 -1.000000 -1.000000 
37 4 Tram -1 0 -1.000000 667.824689 147.480774 722.880380 185.123058 -1.000000 -1.000000 -1.000000 -1.000000 -1.000000 -1.000000 -1.000000 -1.000000 
37 8 Car -1 0 -1.000000 269.197533 186.418657 375.364966 242.627206 -1.000000 -1.000000 -1.000000 -1.000000 -1.000000 -1.000000 -1.000000 -1.000000 
37 9 Car -1 2 -1.000000 343.810726 185.293226 420.714261 228.425527 -1.000000 -1.000000 -1.000000 -1.000000 -1.000000 -1.000000 -1.000000 -1.000000 
37 10 Car -1 0 -1.000000 464.973609 178.584065 504.610751 204.622456 -1.000000 -1.000000 -1.000000 -1.000000 -1.000000 -1.000000 -1.000000 -1.000000 
37 11 Cyclist -1 0 -1.000000 842.803263 157.299831 864.042692 194.776722 -1.000000 -1.000000 -1.000000 -1.000000 -1.000000 -1.000000 -1.000000 -1.000000 
38 4 Tram -1 0 -1.000000 665.581473 147.077931 721.955657 184.822713 -1.000000 -1.000000 -1.000000 -1.000000 -1.000000 -1.000000 -1.000000 -1.000000 
38 8 Car -1 0 -1.000000 246.107389 187.461474 361.491711 247.420199 -1.000000 -1.000000 -1.000000 -1.000000 -1.000000 -1.000000 -1.000000 -1.000000 
38 9 Car -1 2 -1.000000 329.641455 185.953873 411.201662 231.250136 -1.000000 -1.000000 -1.000000 -1.000000 -1.000000 -1.000000 -1.000000 -1.000000 
38 10 Car -1 0 -1.000000 459.233897 178.929659 500.209543 205.659810 -1.000000 -1.000000 -1.000000 -1.000000 -1.000000 -1.000000 -1.000000 -1.000000 
38 11 Cyclist -1 0 -1.000000 845.014248 156.749680 866.745651 194.895136 -1.000000 -1.000000 -1.000000 -1.000000 -1.000000 -1.000000 -1.000000 -1.000000 
39 4 Tram -1 0 -1.000000 663.452508 147.155968 721.191588 185.004196 -1.000000 -1.000000 -1.000000 -1.000000 -1.000000 -1.000000 -1.000000 -1.000000 
39 8 Car -1 0 -1.000000 220.821992 188.652165 347.015690 252.762615 -1.000000 -1.000000 -1.000000 -1.000000 -1.000000 -1.000000 -1.000000 -1.000000 
39 9 Car -1 2 -1.000000 314.050775 186.670968 400.875080 234.358431 -1.000000 -1.000000 -1.000000 -1.000000 -1.000000 -1.000000 -1.000000 -1.000000 
39 10 Car -1 0 -1.000000 453.180969 179.294076 495.591650 206.753809 -1.000000 -1.000000 -1.000000 -1.000000 -1.000000 -1.000000 -1.000000 -1.000000 
39 11 Cyclist -1 0 -1.000000 847.301617 156.179547 869.546845 195.017854 -1.000000 -1.000000 -1.000000 -1.000000 -1.000000 -1.000000 -1.000000 -1.000000 
40 4 Tram -1 0 -1.000000 661.315085 147.234793 720.421082 185.186712 -1.000000 -1.000000 -1.000000 -1.000000 -1.000000 -1.000000 -1.000000 -1.000000 
40 8 Car -1 0 -1.000000 192.038435 189.975911 330.920764 258.844850 -1.000000 -1.000000 -1.000000 -1.000000 -1.000000 -1.000000 -1.000000 -1.000000 
40 9 Car -1 2 -1.000000 296.663072 187.336004 390.018823 237.670165 -1.000000 -1.000000 -1.000000 -1.000000 -1.000000 -1.000000 -1.000000 -1.000000 
40 10 Car -1 0 -1.000000 447.247962 179.492373 491.278299 207.727365 -1.000000 -1.000000 -1.000000 -1.000000 -1.000000 -1.000000 -1.000000 -1.000000 
40 11 Cyclist -1 0 -1.000000 849.669398 155.588321 872.451729 195.145114 -1.000000 -1.000000 -1.000000 -1.000000 -1.000000 -1.000000 -1.000000 -1.000000 
41 4 Tram -1 0 -1.000000 659.169140 147.314411 719.644054 185.370263 -1.000000 -1.000000 -1.000000 -1.000000 -1.000000 -1.000000 -1.000000 -1.000000 
41 8 Car -1 0 -1.000000 158.976823 191.456334 312.919276 265.832009 -1.000000 -1.000000 -1.000000 -1.000000 -1.000000 -1.000000 -1.000000 -1.000000 
41 9 Car -1 1 -1.000000 277.329185 188.063862 378.136408 241.352852 -1.000000 -1.000000 -1.000000 -1.000000 -1.000000 -1.000000 -1.000000 -1.000000 
41 10 Car -1 0 -1.000000 440.970303 179.702192 486.739720 208.757501 -1.000000 -1.000000 -1.000000 -1.000000 -1.000000 -1.000000 -1.000000 -1.000000 
41 11 Cyclist -1 0 -1.000000 852.121907 154.974810 875.466169 195.277174 -1.000000 -1.000000 -1.000000 -1.000000 -1.000000 -1.000000 -1.000000 -1.000000 
42 4 Tram -1 0 -1.000000 657.014607 147.394825 718.860418 185.554854 -1.000000 -1.000000 -1.000000 -1.000000 -1.000000 -1.000000 -1.000000 -1.000000 
42 8 Car -1 0 -1.000000 120.606830 193.123000 292.651138 273.942276 -1.000000 -1.000000 -1.000000 -1.000000 -1.000000 -1.000000 -1.000000 -1.000000 
42 9 Car -1 1 -1.000000 255.702990 188.863883 365.075123 245.472519 -1.000000 -1.000000 -1.000000 -1.000000 -1.000000 -1.000000 -1.000000 -1.000000 
42 10 Car -1 0 -1.000000 434.317061 179.924566 481.957800 209.849295 -1.000000 -1.000000 -1.000000 -1.000000 -1.000000 -1.000000 -1.000000 -1.000000 
42 11 Cyclist -1 0 -1.000000 854.724769 154.937312 878.623067 195.949440 -1.000000 -1.000000 -1.000000 -1.000000 -1.000000 -1.000000 -1.000000 -1.000000 
43 4 Tram -1 0 -1.000000 654.851417 147.476040 718.070087 185.740488 -1.000000 -1.000000 -1.000000 -1.000000 -1.000000 -1.000000 -1.000000 -1.000000 
43 8 Car -1 0 -1.000000 75.538375 195.013414 269.659481 283.470108 -1.000000 -1.000000 -1.000000 -1.000000 -1.000000 -1.000000 -1.000000 -1.000000 
43 9 Car -1 1 -1.000000 231.351124 189.747360 350.650380 250.111845 -1.000000 -1.000000 -1.000000 -1.000000 -1.000000 -1.000000 -1.000000 -1.000000 
43 10 Car -1 0 -1.000000 427.253492 180.160657 476.912430 211.008454 -1.000000 -1.000000 -1.000000 -1.000000 -1.000000 -1.000000 -1.000000 -1.000000 
43 11 Cyclist -1 0 -1.000000 857.416016 154.898471 881.893155 196.645811 -1.000000 -1.000000 -1.000000 -1.000000 -1.000000 -1.000000 -1.000000 -1.000000 
44 4 Tram -1 0 -1.000000 652.500601 147.308869 716.803748 185.684818 -1.000000 -1.000000 -1.000000 -1.000000 -1.000000 -1.000000 -1.000000 -1.000000 
44 8 Car -1 0 -1.000000 24.049565 196.309255 244.659999 293.484242 -1.000000 -1.000000 -1.000000 -1.000000 -1.000000 -1.000000 -1.000000 -1.000000 
44 9 Car -1 1 -1.000000 203.723627 190.728071 334.636924 255.375776 -1.000000 -1.000000 -1.000000 -1.000000 -1.000000 -1.000000 -1.000000 -1.000000 
44 10 Car -1 0 -1.000000 419.740428 180.391109 471.581222 212.241412 -1.000000 -1.000000 -1.000000 -1.000000 -1.000000 -1.000000 -1.000000 -1.000000 
44 11 Cyclist -1 0 -1.000000 860.200227 154.858212 885.282630 197.367605 -1.000000 -1.000000 -1.000000 -1.000000 -1.000000 -1.000000 -1.000000 -1.000000 
45 4 Tram -1 0 -1.000000 650.139342 147.141020 715.528083 185.628750 -1.000000 -1.000000 -1.000000 -1.000000 -1.000000 -1.000000 -1.000000 -1.000000 
45 9 Car -1 1 -1.000000 174.070805 191.543022 317.828904 260.925166 -1.000000 -1.000000 -1.000000 -1.000000 -1.000000 -1.000000 -1.000000 -1.000000 
45 10 Car -1 0 -1.000000 412.042687 180.616272 466.181944 213.520174 -1.000000 -1.000000 -1.000000 -1.000000 -1.000000 -1.000000 -1.000000 -1.000000 
45 11 Cyclist -1 0 -1.000000 863.082306 154.816456 888.798154 198.116241 -1.000000 -1.000000 -1.000000 -1.000000 -1.000000 -1.000000 -1.000000 -1.000000 
46 4 Tram -1 0 -1.000000 647.767551 146.972490 714.243001 185.572283 -1.000000 -1.000000 -1.000000 -1.000000 -1.000000 -1.000000 -1.000000 -1.000000 
46 9 Car -1 1 -1.000000 139.942825 192.455518 299.007235 267.312959 -1.000000 -1.000000 -1.000000 -1.000000 -1.000000 -1.000000 -1.000000 -1.000000 
46 10 Car -1 0 -1.000000 403.833000 180.854664 460.465302 214.884025 -1.000000 -1.000000 -1.000000 -1.000000 -1.000000 -1.000000 -1.000000 -1.000000 
46 11 Cyclist -1 0 -1.000000 866.067502 154.773120 892.446889 198.893245 -1.000000 -1.000000 -1.000000 -1.000000 -1.000000 -1.000000 -1.000000 -1.000000 
47 4 Tram -1 0 -1.000000 645.095565 147.801151 712.569032 186.527235 -1.000000 -1.000000 -1.000000 -1.000000 -1.000000 -1.000000 -1.000000 -1.000000 
47 9 Car -1 1 -1.000000 100.243870 193.484189 277.787029 274.744682 -1.000000 -1.000000 -1.000000 -1.000000 -1.000000 -1.000000 -1.000000 -1.000000 
47 10 Car -1 0 -1.000000 395.058537 181.107487 454.402470 216.341748 -1.000000 -1.000000 -1.000000 -1.000000 -1.000000 -1.000000 -1.000000 -1.000000 
47 11 Cyclist -1 0 -1.000000 869.161451 154.728111 896.236554 199.700260 -1.000000 -1.000000 -1.000000 -1.000000 -1.000000 -1.000000 -1.000000 -1.000000 
48 4 Tram -1 0 -1.000000 642.410446 148.635304 710.882439 187.488651 -1.000000 -1.000000 -1.000000 -1.000000 -1.000000 -1.000000 -1.000000 -1.000000 
48 9 Car -1 1 -1.000000 53.488565 194.652727 253.678641 283.499011 -1.000000 -1.000000 -1.000000 -1.000000 -1.000000 -1.000000 -1.000000 -1.000000 
48 10 Car -1 0 -1.000000 385.658943 181.376090 447.961019 217.903382 -1.000000 -1.000000 -1.000000 -1.000000 -1.000000 -1.000000 -1.000000 -1.000000 
48 11 Cyclist -1 0 -1.000000 872.370208 154.681331 900.175474 200.539059 -1.000000 -1.000000 -1.000000 -1.000000 -1.000000 -1.000000 -1.000000 -1.000000 
49 4 Tram -1 0 -1.000000 639.712069 149.474981 709.183107 188.456572 -1.000000 -1.000000 -1.000000 -1.000000 -1.000000 -1.000000 -1.000000 -1.000000 
49 10 Car -1 0 -1.000000 376.672948 182.088114 441.991829 220.015516 -1.000000 -1.000000 -1.000000 -1.000000 -1.000000 -1.000000 -1.000000 -1.000000 
49 11 Cyclist -1 0 -1.000000 876.217018 155.350830 904.801225 202.096649 -1.000000 -1.000000 -1.000000 -1.000000 -1.000000 -1.000000 -1.000000 -1.000000 
50 4 Tram -1 0 -1.000000 638.272677 149.836841 708.362027 188.881653 -1.000000 -1.000000 -1.000000 -1.000000 -1.000000 -1.000000 -1.000000 -1.000000 
50 10 Car -1 0 -1.000000 367.025800 182.845621 435.641148 222.283143 -1.000000 -1.000000 -1.000000 -1.000000 -1.000000 -1.000000 -1.000000 -1.000000 
50 11 Cyclist -1 0 -1.000000 880.206579 156.046742 909.609586 203.715728 -1.000000 -1.000000 -1.000000 -1.000000 -1.000000 -1.000000 -1.000000 -1.000000 
51 4 Tram -1 1 -1.000000 636.829762 150.199909 707.537668 189.308154 -1.000000 -1.000000 -1.000000 -1.000000 -1.000000 -1.000000 -1.000000 -1.000000 
51 10 Car -1 0 -1.000000 356.641743 183.653112 428.871196 224.724087 -1.000000 -1.000000 -1.000000 -1.000000 -1.000000 -1.000000 -1.000000 -1.000000 
51 11 Cyclist -1 0 -1.000000 884.346987 156.770660 914.611590 205.400011 -1.000000 -1.000000 -1.000000 -1.000000 -1.000000 -1.000000 -1.000000 -1.000000 
52 4 Tram -1 1 -1.000000 635.383306 150.564188 706.710015 189.736078 -1.000000 -1.000000 -1.000000 -1.000000 -1.000000 -1.000000 -1.000000 -1.000000 
52 10 Car -1 0 -1.000000 345.432991 184.515703 421.639039 227.359009 -1.000000 -1.000000 -1.000000 -1.000000 -1.000000 -1.000000 -1.000000 -1.000000 
52 11 Cyclist -1 0 -1.000000 888.646963 157.524308 919.819172 207.153516 -1.000000 -1.000000 -1.000000 -1.000000 -1.000000 -1.000000 -1.000000 -1.000000 
53 4 Tram -1 1 -1.000000 633.782194 150.216412 705.701637 189.464449 -1.000000 -1.000000 -1.000000 -1.000000 -1.000000 -1.000000 -1.000000 -1.000000 
53 10 Car -1 0 -1.000000 333.297234 185.439233 413.895668 230.211988 -1.000000 -1.000000 -1.000000 -1.000000 -1.000000 -1.000000 -1.000000 -1.000000 
53 11 Cyclist -1 0 -1.000000 893.448137 156.103382 925.565442 206.718296 -1.000000 -1.000000 -1.000000 -1.000000 -1.000000 -1.000000 -1.000000 -1.000000 
54 4 Tram -1 1 -1.000000 632.176125 149.867371 704.688552 189.191644 -1.000000 -1.000000 -1.000000 -1.000000 -1.000000 -1.000000 -1.000000 -1.000000 
54 10 Car -1 0 -1.000000 321.488721 184.139139 406.418810 230.509380 -1.000000 -1.000000 -1.000000 -1.000000 -1.000000 -1.000000 -1.000000 -1.000000 
54 11 Cyclist -1 0 -1.000000 898.431505 154.624849 931.544845 206.265419 -1.000000 -1.000000 -1.000000 -1.000000 -1.000000 -1.000000 -1.000000 -1.000000 
55 4 Tram -1 1 -1.000000 630.565068 149.517060 703.670731 188.917659 -1.000000 -1.000000 -1.000000 -1.000000 -1.000000 -1.000000 -1.000000 -1.000000 
55 10 Car -1 0 -1.000000 308.674425 182.745897 398.405710 230.832098 -1.000000 -1.000000 -1.000000 -1.000000 -1.000000 -1.000000 -1.000000 -1.000000 
55 11 Cyclist -1 0 -1.000000 903.607640 153.085135 937.771864 205.793788 -1.000000 -1.000000 -1.000000 -1.000000 -1.000000 -1.000000 -1.000000 -1.000000 
56 4 Tram -1 1 -1.000000 628.948995 149.165475 702.648150 188.642489 -1.000000 -1.000000 -1.000000 -1.000000 -1.000000 -1.000000 -1.000000 -1.000000 
56 10 Car -1 0 -1.000000 295.214258 183.802898 390.178032 234.210736 -1.000000 -1.000000 -1.000000 -1.000000 -1.000000 -1.000000 -1.000000 -1.000000 
56 11 Cyclist -1 0 -1.000000 908.134012 155.061469 943.348558 208.888875 -1.000000 -1.000000 -1.000000 -1.000000 -1.000000 -1.000000 -1.000000 -1.000000 
57 4 Tram -1 1 -1.000000 628.162203 149.766551 701.759291 189.321961 -1.000000 -1.000000 -1.000000 -1.000000 -1.000000 -1.000000 -1.000000 -1.000000 
57 10 Car -1 0 -1.000000 280.513627 184.940662 381.321097 237.901028 -1.000000 -1.000000 -1.000000 -1.000000 -1.000000 -1.000000 -1.000000 -1.000000 
57 11 Cyclist -1 0 -1.000000 913.461296 154.867698 949.750776 209.739868 -1.000000 -1.000000 -1.000000 -1.000000 -1.000000 -1.000000 -1.000000 -1.000000 
58 4 Tram -1 1 -1.000000 627.373229 150.369893 700.867079 190.004020 -1.000000 -1.000000 -1.000000 -1.000000 -1.000000 -1.000000 -1.000000 -1.000000 
58 10 Car -1 0 -1.000000 264.392747 186.168812 371.759866 241.948180 -1.000000 -1.000000 -1.000000 -1.000000 -1.000000 -1.000000 -1.000000 -1.000000 
58 11 Cyclist -1 0 -1.000000 918.984806 154.666261 956.406479 210.624555 -1.000000 -1.000000 -1.000000 -1.000000 -1.000000 -1.000000 -1.000000 -1.000000 
59 4 Tram -1 1 -1.000000 626.416111 150.321824 699.675826 189.994123 -1.000000 -1.000000 -1.000000 -1.000000 -1.000000 -1.000000 -1.000000 -1.000000 
59 10 Car -1 0 -1.000000 246.860462 186.588395 361.897272 245.267539 -1.000000 -1.000000 -1.000000 -1.000000 -1.000000 -1.000000 -1.000000 -1.000000 
59 11 Cyclist -1 0 -1.000000 924.715585 154.456695 963.331026 211.544976 -1.000000 -1.000000 -1.000000 -1.000000 -1.000000 -1.000000 -1.000000 -1.000000 
60 4 Tram -1 1 -1.000000 625.457625 150.273661 698.482272 189.984207 -1.000000 -1.000000 -1.000000 -1.000000 -1.000000 -1.000000 -1.000000 -1.000000 
60 10 Car -1 0 -1.000000 227.472911 187.043999 351.187363 248.938459 -1.000000 -1.000000 -1.000000 -1.000000 -1.000000 -1.000000 -1.000000 -1.000000 
60 11 Cyclist -1 0 -1.000000 930.665526 154.238496 970.541043 212.503343 -1.000000 -1.000000 -1.000000 -1.000000 -1.000000 -1.000000 -1.000000 -1.000000 
61 4 Tram -1 1 -1.000000 624.497767 150.225407 697.286413 189.974271 -1.000000 -1.000000 -1.000000 -1.000000 -1.000000 -1.000000 -1.000000 -1.000000 
61 10 Car -1 0 -1.000000 207.196740 187.497261 340.202490 252.758607 -1.000000 -1.000000 -1.000000 -1.000000 -1.000000 -1.000000 -1.000000 -1.000000 
61 11 Cyclist -1 0 -1.000000 936.847444 154.011120 978.054553 213.502050 -1.000000 -1.000000 -1.000000 -1.000000 -1.000000 -1.000000 -1.000000 -1.000000 
62 4 Tram -1 1 -1.000000 623.536535 150.177059 696.088240 189.964316 -1.000000 -1.000000 -1.000000 -1.000000 -1.000000 -1.000000 -1.000000 -1.000000 
62 10 Car -1 0 -1.000000 184.672502 187.990460 328.248962 257.002714 -1.000000 -1.000000 -1.000000 -1.000000 -1.000000 -1.000000 -1.000000 -1.000000 
62 11 Cyclist -1 0 -1.000000 943.275175 153.773976 985.891131 214.543699 -1.000000 -1.000000 -1.000000 -1.000000 -1.000000 -1.000000 -1.000000 -1.000000 
63 4 Tram -1 1 -1.000000 622.573926 150.128618 694.887747 189.954341 -1.000000 -1.000000 -1.000000 -1.000000 -1.000000 -1.000000 -1.000000 -1.000000 
63 10 Car -1 0 -1.000000 159.504383 188.529118 315.192748 261.745502 -1.000000 -1.000000 -1.000000 -1.000000 -1.000000 -1.000000 -1.000000 -1.000000 
63 11 Cyclist -1 0 -1.000000 949.963678 153.526421 994.072071 215.631122 -1.000000 -1.000000 -1.000000 -1.000000 -1.000000 -1.000000 -1.000000 -1.000000 
64 4 Tram -1 1 -1.000000 621.609936 150.080083 693.684928 189.944346 -1.000000 -1.000000 -1.000000 -1.000000 -1.000000 -1.000000 -1.000000 -1.000000 
64 10 Car -1 0 -1.000000 133.190317 189.334267 302.011028 267.195545 -1.000000 -1.000000 -1.000000 -1.000000 -1.000000 -1.000000 -1.000000 -1.000000 
64 11 Cyclist -1 0 -1.000000 956.278710 152.866172 1001.783749 216.183042 -1.000000 -1.000000 -1.000000 -1.000000 -1.000000 -1.000000 -1.000000 -1.000000 
65 4 Tram -1 1 -1.000000 621.444330 150.619977 692.592319 190.511852 -1.000000 -1.000000 -1.000000 -1.000000 -1.000000 -1.000000 -1.000000 -1.000000 
65 10 Car -1 0 -1.000000 103.507421 190.218039 287.540970 273.344125 -1.000000 -1.000000 -1.000000 -1.000000 -1.000000 -1.000000 -1.000000 -1.000000 
65 11 Cyclist -1 0 -1.000000 962.825276 152.179648 1009.802611 216.756947 -1.000000 -1.000000 -1.000000 -1.000000 -1.000000 -1.000000 -1.000000 -1.000000 
66 4 Tram -1 1 -1.000000 621.278940 151.160625 691.497765 191.079910 -1.000000 -1.000000 -1.000000 -1.000000 -1.000000 -1.000000 -1.000000 -1.000000 
66 10 Car -1 0 -1.000000 69.764512 191.192542 271.583992 280.334737 -1.000000 -1.000000 -1.000000 -1.000000 -1.000000 -1.000000 -1.000000 -1.000000 
66 11 Cyclist -1 0 -1.000000 969.616346 151.465248 1018.147385 217.354178 -1.000000 -1.000000 -1.000000 -1.000000 -1.000000 -1.000000 -1.000000 -1.000000 
67 4 Tram -1 1 -1.000000 621.113763 151.702023 690.401274 191.648519 -1.000000 -1.000000 -1.000000 -1.000000 -1.000000 -1.000000 -1.000000 -1.000000 
67 10 Car -1 0 -1.000000 31.067457 192.272504 253.898495 288.353065 -1.000000 -1.000000 -1.000000 -1.000000 -1.000000 -1.000000 -1.000000 -1.000000 
67 11 Cyclist -1 0 -1.000000 976.322291 152.547691 1026.465147 219.806180 -1.000000 -1.000000 -1.000000 -1.000000 -1.000000 -1.000000 -1.000000 -1.000000 
68 4 Tram -1 1 -1.000000 620.948793 152.244171 689.302855 192.217676 -1.000000 -1.000000 -1.000000 -1.000000 -1.000000 -1.000000 -1.000000 -1.000000 
68 11 Cyclist -1 0 -1.000000 983.288753 153.676006 1035.135757 222.362199 -1.000000 -1.000000 -1.000000 -1.000000 -1.000000 -1.000000 -1.000000 -1.000000 
69 4 Tram -1 1 -1.000000 620.784026 152.787065 688.202516 192.787377 -1.000000 -1.000000 -1.000000 -1.000000 -1.000000 -1.000000 -1.000000 -1.000000 
69 11 Cyclist -1 0 -1.000000 990.531216 154.853174 1044.182155 225.028997 -1.000000 -1.000000 -1.000000 -1.000000 -1.000000 -1.000000 -1.000000 -1.000000 
70 4 Tram -1 1 -1.000000 620.619458 153.330703 687.100267 193.357620 -1.000000 -1.000000 -1.000000 -1.000000 -1.000000 -1.000000 -1.000000 -1.000000 
70 11 Cyclist -1 0 -1.000000 997.473763 154.020458 1052.882431 225.624056 -1.000000 -1.000000 -1.000000 -1.000000 -1.000000 -1.000000 -1.000000 -1.000000 
71 4 Tram -1 1 -1.000000 620.386415 152.810475 685.805635 192.799365 -1.000000 -1.000000 -1.000000 -1.000000 -1.000000 -1.000000 -1.000000 -1.000000 
71 11 Cyclist -1 0 -1.000000 1004.679140 153.153170 1061.944310 226.243848 -1.000000 -1.000000 -1.000000 -1.000000 -1.000000 -1.000000 -1.000000 -1.000000 
71 12 Cyclist -1 0 -1.000000 806.444892 164.106652 828.676097 201.357544 -1.000000 -1.000000 -1.000000 -1.000000 -1.000000 -1.000000 -1.000000 -1.000000 
72 4 Tram -1 1 -1.000000 620.154021 152.291182 684.512662 192.242170 -1.000000 -1.000000 -1.000000 -1.000000 -1.000000 -1.000000 -1.000000 -1.000000 
72 11 Cyclist -1 0 -1.000000 1012.162558 152.249109 1071.390811 226.889946 -1.000000 -1.000000 -1.000000 -1.000000 -1.000000 -1.000000 -1.000000 -1.000000 
72 12 Cyclist -1 0 -1.000000 808.977921 162.295977 831.610541 199.958467 -1.000000 -1.000000 -1.000000 -1.000000 -1.000000 -1.000000 -1.000000 -1.000000 
73 4 Tram -1 1 -1.000000 619.922272 151.772825 683.221358 191.686037 -1.000000 -1.000000 -1.000000 -1.000000 -1.000000 -1.000000 -1.000000 -1.000000 
73 11 Cyclist -1 0 -1.000000 1019.513234 152.140909 1080.602458 228.183798 -1.000000 -1.000000 -1.000000 -1.000000 -1.000000 -1.000000 -1.000000 -1.000000 
73 12 Cyclist -1 0 -1.000000 811.564379 160.444767 834.610715 198.528050 -1.000000 -1.000000 -1.000000 -1.000000 -1.000000 -1.000000 -1.000000 -1.000000 
74 4 Tram -1 1 -1.000000 619.691159 151.255406 681.931731 191.130965 -1.000000 -1.000000 -1.000000 -1.000000 -1.000000 -1.000000 -1.000000 -1.000000 
74 11 Cyclist -1 1 -1.000000 1027.118913 152.028570 1090.166825 229.527193 -1.000000 -1.000000 -1.000000 -1.000000 -1.000000 -1.000000 -1.000000 -1.000000 
74 12 Cyclist -1 0 -1.000000 814.594658 161.633525 838.092943 200.150548 -1.000000 -1.000000 -1.000000 -1.000000 -1.000000 -1.000000 -1.000000 -1.000000 
75 4 Tram -1 1 -1.000000 619.460677 150.738925 680.643791 190.576956 -1.000000 -1.000000 -1.000000 -1.000000 -1.000000 -1.000000 -1.000000 -1.000000 
75 11 Cyclist -1 1 -1.000000 1034.993100 151.911851 1100.104564 230.923030 -1.000000 -1.000000 -1.000000 -1.000000 -1.000000 -1.000000 -1.000000 -1.000000 
75 12 Cyclist -1 0 -1.000000 817.690495 162.849616 841.655281 201.810371 -1.000000 -1.000000 -1.000000 -1.000000 -1.000000 -1.000000 -1.000000 -1.000000 
76 4 Tram -1 1 -1.000000 619.230819 150.223383 679.357547 190.024009 -1.000000 -1.000000 -1.000000 -1.000000 -1.000000 -1.000000 -1.000000 -1.000000 
76 11 Cyclist -1 1 -1.000000 1043.150271 151.790490 1110.437978 232.374443 -1.000000 -1.000000 -1.000000 -1.000000 -1.000000 -1.000000 -1.000000 -1.000000 
76 12 Cyclist -1 0 -1.000000 820.210050 161.359901 844.632746 200.801441 -1.000000 -1.000000 -1.000000 -1.000000 -1.000000 -1.000000 -1.000000 -1.000000 
77 4 Tram -1 1 -1.000000 619.001579 149.708781 678.073008 189.472126 -1.000000 -1.000000 -1.000000 -1.000000 -1.000000 -1.000000 -1.000000 -1.000000 
77 11 Cyclist -1 0 -1.000000 1051.605955 151.664204 1121.191171 233.884818 -1.000000 -1.000000 -1.000000 -1.000000 -1.000000 -1.000000 -1.000000 -1.000000 
77 12 Cyclist -1 0 -1.000000 822.788830 159.832914 847.684747 199.767255 -1.000000 -1.000000 -1.000000 -1.000000 -1.000000 -1.000000 -1.000000 -1.000000 
78 4 Tram -1 1 -1.000000 618.772950 149.195121 676.790184 188.921306 -1.000000 -1.000000 -1.000000 -1.000000 -1.000000 -1.000000 -1.000000 -1.000000 
78 11 Cyclist -1 0 -1.000000 1060.376850 151.532689 1132.390261 235.457822 -1.000000 -1.000000 -1.000000 -1.000000 -1.000000 -1.000000 -1.000000 -1.000000 
78 12 Cyclist -1 0 -1.000000 825.428949 158.267240 850.814118 198.706851 -1.000000 -1.000000 -1.000000 -1.000000 -1.000000 -1.000000 -1.000000 -1.000000 
79 4 Tram -1 1 -1.000000 619.465091 149.280522 675.750971 188.923290 -1.000000 -1.000000 -1.000000 -1.000000 -1.000000 -1.000000 -1.000000 -1.000000 
79 11 Cyclist -1 0 -1.000000 1068.178266 150.938874 1142.394206 236.389994 -1.000000 -1.000000 -1.000000 -1.000000 -1.000000 -1.000000 -1.000000 -1.000000 
79 12 Cyclist -1 0 -1.000000 827.982752 157.896783 853.795504 198.746970 -1.000000 -1.000000 -1.000000 -1.000000 -1.000000 -1.000000 -1.000000 -1.000000 
80 4 Tram -1 1 -1.000000 620.155639 149.365866 674.714178 188.925185 -1.000000 -1.000000 -1.000000 -1.000000 -1.000000 -1.000000 -1.000000 -1.000000 
80 11 Cyclist -1 0 -1.000000 1076.238610 150.323082 1152.768869 237.356710 -1.000000 -1.000000 -1.000000 -1.000000 -1.000000 -1.000000 -1.000000 -1.000000 
80 12 Cyclist -1 0 -1.000000 830.585673 157.518726 856.838083 198.787911 -1.000000 -1.000000 -1.000000 -1.000000 -1.000000 -1.000000 -1.000000 -1.000000 
81 4 Tram -1 1 -1.000000 620.844583 149.451150 673.679863 188.926993 -1.000000 -1.000000 -1.000000 -1.000000 -1.000000 -1.000000 -1.000000 -1.000000 
81 11 Cyclist -1 0 -1.000000 1084.570990 149.684069 1163.535246 238.359926 -1.000000 -1.000000 -1.000000 -1.000000 -1.000000 -1.000000 -1.000000 -1.000000 
81 12 Cyclist -1 0 -1.000000 833.239144 157.132833 859.943759 198.829702 -1.000000 -1.000000 -1.000000 -1.000000 -1.000000 -1.000000 -1.000000 -1.000000 
82 4 Tram -1 1 -1.000000 621.531913 149.536373 672.648082 188.928712 -1.000000 -1.000000 -1.000000 -1.000000 -1.000000 -1.000000 -1.000000 -1.000000 
82 11 Cyclist -1 0 -1.000000 1093.189412 149.020497 1174.715946 239.401748 -1.000000 -1.000000 -1.000000 -1.000000 -1.000000 -1.000000 -1.000000 -1.000000 
82 12 Cyclist -1 0 -1.000000 835.944653 156.738860 863.114513 198.872369 -1.000000 -1.000000 -1.000000 -1.000000 -1.000000 -1.000000 -1.000000 -1.000000 
83 4 Tram -1 1 -1.000000 622.217619 149.621533 671.618891 188.930343 -1.000000 -1.000000 -1.000000 -1.000000 -1.000000 -1.000000 -1.000000 -1.000000 
83 11 Cyclist -1 0 -1.000000 1102.108864 148.330922 1186.335356 240.484450 -1.000000 -1.000000 -1.000000 -1.000000 -1.000000 -1.000000 -1.000000 -1.000000 
83 12 Cyclist -1 0 -1.000000 839.216768 156.716121 866.922096 199.328226 -1.000000 -1.000000 -1.000000 -1.000000 -1.000000 -1.000000 -1.000000 -1.000000 
84 4 Tram -1 1 -1.000000 622.901692 149.706628 670.592345 188.931886 -1.000000 -1.000000 -1.000000 -1.000000 -1.000000 -1.000000 -1.000000 -1.000000 
84 11 Cyclist -1 0 -1.000000 1109.963185 147.680545 1196.561390 241.350392 -1.000000 -1.000000 -1.000000 -1.000000 -1.000000 -1.000000 -1.000000 -1.000000 
84 12 Cyclist -1 0 -1.000000 842.559150 156.692859 870.817177 199.794558 -1.000000 -1.000000 -1.000000 -1.000000 -1.000000 -1.000000 -1.000000 -1.000000 
85 4 Tram -1 1 -1.000000 623.584120 149.791655 669.568500 188.933341 -1.000000 -1.000000 -1.000000 -1.000000 -1.000000 -1.000000 -1.000000 -1.000000 
85 11 Cyclist -1 0 -1.000000 1118.050723 147.008423 1207.129781 242.245324 -1.000000 -1.000000 -1.000000 -1.000000 -1.000000 -1.000000 -1.000000 -1.000000 
85 12 Cyclist -1 0 -1.000000 845.974085 156.669058 874.802806 200.271732 -1.000000 -1.000000 -1.000000 -1.000000 -1.000000 -1.000000 -1.000000 -1.000000 
85 13 Car -1 2 -1.000000 92.563999 187.911363 212.173752 227.446624 -1.000000 -1.000000 -1.000000 -1.000000 -1.000000 -1.000000 -1.000000 -1.000000 
86 4 Tram -1 1 -1.000000 624.264894 149.876612 668.547411 188.934709 -1.000000 -1.000000 -1.000000 -1.000000 -1.000000 -1.000000 -1.000000 -1.000000 
86 11 Cyclist -1 0 -1.000000 1126.382021 146.313448 1218.058014 243.170728 -1.000000 -1.000000 -1.000000 -1.000000 -1.000000 -1.000000 -1.000000 -1.000000 
86 12 Cyclist -1 0 -1.000000 849.463961 156.644696 878.882178 200.760128 -1.000000 -1.000000 -1.000000 -1.000000 -1.000000 -1.000000 -1.000000 -1.000000 
86 13 Car -1 2 -1.000000 79.292426 188.373314 202.522908 228.973590 -1.000000 -1.000000 -1.000000 -1.000000 -1.000000 -1.000000 -1.000000 -1.000000 
87 4 Tram -1 1 -1.000000 624.345708 150.144118 667.856099 189.074084 -1.000000 -1.000000 -1.000000 -1.000000 -1.000000 -1.000000 -1.000000 -1.000000 
87 11 Cyclist -1 0 -1.000000 1134.968269 145.594435 1229.364785 244.128187 -1.000000 -1.000000 -1.000000 -1.000000 -1.000000 -1.000000 -1.000000 -1.000000 
87 12 Cyclist -1 0 -1.000000 853.031274 156.619756 883.058640 201.260149 -1.000000 -1.000000 -1.000000 -1.000000 -1.000000 -1.000000 -1.000000 -1.000000 
87 13 Car -1 2 -1.000000 65.302859 188.859079 192.374274 230.583215 -1.000000 -1.000000 -1.000000 -1.000000 -1.000000 -1.000000 -1.000000 -1.000000 
87 14 Car -1 2 -1.000000 228.863439 185.222589 299.227620 210.230538 -1.000000 -1.000000 -1.000000 -1.000000 -1.000000 -1.000000 -1.000000 -1.000000 
88 4 Tram -1 1 -1.000000 624.426216 150.409916 667.169116 189.212513 -1.000000 -1.000000 -1.000000 -1.000000 -1.000000 -1.000000 -1.000000 -1.000000 
88 11 Cyclist -1 0 -1.000000 1141.703413 144.593003 1238.290504 244.471725 -1.000000 -1.000000 -1.000000 -1.000000 -1.000000 -1.000000 -1.000000 -1.000000 
88 12 Cyclist -1 0 -1.000000 855.712006 156.287788 886.199396 201.319893 -1.000000 -1.000000 -1.000000 -1.000000 -1.000000 -1.000000 -1.000000 -1.000000 
88 13 Car -1 2 -1.000000 50.535410 189.370548 181.688319 232.282396 -1.000000 -1.000000 -1.000000 -1.000000 -1.000000 -1.000000 -1.000000 -1.000000 
88 14 Car -1 2 -1.000000 222.395236 185.518207 294.103105 210.963565 -1.000000 -1.000000 -1.000000 -1.000000 -1.000000 -1.000000 -1.000000 -1.000000 
89 4 Tram -1 1 -1.000000 624.506421 150.674021 666.486426 189.350004 -1.000000 -1.000000 -1.000000 -1.000000 -1.000000 -1.000000 -1.000000 -1.000000 
89 12 Cyclist -1 0 -1.000000 858.436959 155.949943 889.395789 201.380695 -1.000000 -1.000000 -1.000000 -1.000000 -1.000000 -1.000000 -1.000000 -1.000000 
89 13 Car -1 2 -1.000000 34.923346 189.909816 170.421212 234.078821 -1.000000 -1.000000 -1.000000 -1.000000 -1.000000 -1.000000 -1.000000 -1.000000 
89 14 Car -1 2 -1.000000 215.701168 185.823881 288.804224 211.722198 -1.000000 -1.000000 -1.000000 -1.000000 -1.000000 -1.000000 -1.000000 -1.000000 
90 4 Tram -1 0 -1.000000 624.586322 150.936450 665.807989 189.486568 -1.000000 -1.000000 -1.000000 -1.000000 -1.000000 -1.000000 -1.000000 -1.000000 
90 12 Cyclist -1 0 -1.000000 861.207236 155.606065 892.649312 201.442585 -1.000000 -1.000000 -1.000000 -1.000000 -1.000000 -1.000000 -1.000000 -1.000000 
90 13 Car -1 2 -1.000000 18.392071 190.479214 158.524217 235.981084 -1.000000 -1.000000 -1.000000 -1.000000 -1.000000 -1.000000 -1.000000 -1.000000 
90 14 Car -1 2 -1.000000 208.769196 186.140131 283.321924 212.507802 -1.000000 -1.000000 -1.000000 -1.000000 -1.000000 -1.000000 -1.000000 -1.000000 
91 4 Tram -1 0 -1.000000 624.806287 150.317310 664.505795 188.711158 -1.000000 -1.000000 -1.000000 -1.000000 -1.000000 -1.000000 -1.000000 -1.000000 
91 12 Cyclist -1 0 -1.000000 864.023976 155.255988 895.961511 201.505590 -1.000000 -1.000000 -1.000000 -1.000000 -1.000000 -1.000000 -1.000000 -1.000000 
91 13 Car -1 1 -1.000000 1.434279 188.971073 146.271405 235.686875 -1.000000 -1.000000 -1.000000 -1.000000 -1.000000 -1.000000 -1.000000 -1.000000 
91 14 Car -1 2 -1.000000 201.586406 186.467517 277.646514 213.321843 -1.000000 -1.000000 -1.000000 -1.000000 -1.000000 -1.000000 -1.000000 -1.000000 
92 4 Tram -1 0 -1.000000 625.025316 149.703246 663.213140 187.942171 -1.000000 -1.000000 -1.000000 -1.000000 -1.000000 -1.000000 -1.000000 -1.000000 
92 12 Cyclist -1 0 -1.000000 865.483163 154.078308 897.786968 200.697258 -1.000000 -1.000000 -1.000000 -1.000000 -1.000000 -1.000000 -1.000000 -1.000000 
92 14 Car -1 2 -1.000000 193.445380 186.400983 271.023975 213.722371 -1.000000 -1.000000 -1.000000 -1.000000 -1.000000 -1.000000 -1.000000 -1.000000 
93 4 Tram -1 0 -1.000000 625.243405 149.094208 661.929953 187.179537 -1.000000 -1.000000 -1.000000 -1.000000 -1.000000 -1.000000 -1.000000 -1.000000 
93 12 Cyclist -1 0 -1.000000 866.964222 152.881639 899.641880 199.875884 -1.000000 -1.000000 -1.000000 -1.000000 -1.000000 -1.000000 -1.000000 -1.000000 
93 14 Car -1 2 -1.000000 185.015037 186.332154 264.172779 214.137138 -1.000000 -1.000000 -1.000000 -1.000000 -1.000000 -1.000000 -1.000000 -1.000000 
94 4 Tram -1 0 -1.000000 624.358780 149.004092 660.692436 186.918794 -1.000000 -1.000000 -1.000000 -1.000000 -1.000000 -1.000000 -1.000000 -1.000000 
94 12 Cyclist -1 0 -1.000000 868.467649 151.665517 901.526965 199.041148 -1.000000 -1.000000 -1.000000 -1.000000 -1.000000 -1.000000 -1.000000 -1.000000 
94 14 Car -1 2 -1.000000 176.279672 186.260907 257.080875 214.566918 -1.000000 -1.000000 -1.000000 -1.000000 -1.000000 -1.000000 -1.000000 -1.000000 
95 4 Tram -1 0 -1.000000 623.479916 148.914781 659.465949 186.660367 -1.000000 -1.000000 -1.000000 -1.000000 -1.000000 -1.000000 -1.000000 -1.000000 
95 12 Cyclist -1 0 -1.000000 870.191756 150.949790 903.590992 198.620425 -1.000000 -1.000000 -1.000000 -1.000000 -1.000000 -1.000000 -1.000000 -1.000000 
95 14 Car -1 2 -1.000000 167.222429 186.187113 249.735351 215.012541 -1.000000 -1.000000 -1.000000 -1.000000 -1.000000 -1.000000 -1.000000 -1.000000 
96 4 Tram -1 0 -1.000000 622.606755 148.826264 658.250343 186.404226 -1.000000 -1.000000 -1.000000 -1.000000 -1.000000 -1.000000 -1.000000 -1.000000 
96 12 Cyclist -1 0 -1.000000 871.935938 150.225086 905.680929 198.194420 -1.000000 -1.000000 -1.000000 -1.000000 -1.000000 -1.000000 -1.000000 -1.000000 
96 14 Car -1 2 -1.000000 159.167169 186.513534 243.299948 215.845969 -1.000000 -1.000000 -1.000000 -1.000000 -1.000000 -1.000000 -1.000000 -1.000000 
97 4 Tram -1 0 -1.000000 621.739244 148.738530 657.045475 186.150340 -1.000000 -1.000000 -1.000000 -1.000000 -1.000000 -1.000000 -1.000000 -1.000000 
97 12 Cyclist -1 0 -1.000000 873.700548 149.491233 907.797266 197.763034 -1.000000 -1.000000 -1.000000 -1.000000 -1.000000 -1.000000 -1.000000 -1.000000 
97 14 Car -1 2 -1.000000 150.829583 186.851044 236.645865 216.708619 -1.000000 -1.000000 -1.000000 -1.000000 -1.000000 -1.000000 -1.000000 -1.000000 
98 4 Tram -1 0 -1.000000 620.877326 148.651570 655.851203 185.898680 -1.000000 -1.000000 -1.000000 -1.000000 -1.000000 -1.000000 -1.000000 -1.000000 
98 12 Cyclist -1 0 -1.000000 875.485948 148.748058 909.940507 197.326164 -1.000000 -1.000000 -1.000000 -1.000000 -1.000000 -1.000000 -1.000000 -1.000000 
98 14 Car -1 2 -1.000000 142.194563 187.200216 229.761764 217.602057 -1.000000 -1.000000 -1.000000 -1.000000 -1.000000 -1.000000 -1.000000 -1.000000 
98 15 Car -1 2 -1.000000 180.860700 189.586325 250.514196 214.599601 -1.000000 -1.000000 -1.000000 -1.000000 -1.000000 -1.000000 -1.000000 -1.000000 
99 4 Tram -1 0 -1.000000 620.020949 148.565372 654.667389 185.649217 -1.000000 -1.000000 -1.000000 -1.000000 -1.000000 -1.000000 -1.000000 -1.000000 
99 12 Cyclist -1 0 -1.000000 877.292507 147.995381 912.111167 196.883704 -1.000000 -1.000000 -1.000000 -1.000000 -1.000000 -1.000000 -1.000000 -1.000000 
99 14 Car -1 2 -1.000000 133.245904 187.561664 222.635507 218.527960 -1.000000 -1.000000 -1.000000 -1.000000 -1.000000 -1.000000 -1.000000 -1.000000 
99 15 Car -1 2 -1.000000 174.092850 190.088614 244.962368 215.501338 -1.000000 -1.000000 -1.000000 -1.000000 -1.000000 -1.000000 -1.000000 -1.000000 
100 4 Tram -1 0 -1.000000 619.762011 148.589025 654.545145 185.494453 -1.000000 -1.000000 -1.000000 -1.000000 -1.000000 -1.000000 -1.000000 -1.000000 
100 12 Cyclist -1 0 -1.000000 878.386187 147.097925 913.470992 196.236524 -1.000000 -1.000000 -1.000000 -1.000000 -1.000000 -1.000000 -1.000000 -1.000000 
100 14 Car -1 2 -1.000000 125.198255 188.538133 216.268582 220.054069 -1.000000 -1.000000 -1.000000 -1.000000 -1.000000 -1.000000 -1.000000 -1.000000 
100 15 Car -1 2 -1.000000 167.112599 190.606253 239.240803 216.431385 -1.000000 -1.000000 -1.000000 -1.000000 -1.000000 -1.000000 -1.000000 -1.000000 
101 4 Tram -1 0 -1.000000 619.504913 148.612465 654.424018 185.341155 -1.000000 -1.000000 -1.000000 -1.000000 -1.000000 -1.000000 -1.000000 -1.000000 
101 12 Cyclist -1 0 -1.000000 879.510681 147.709806 914.867630 197.103426 -1.000000 -1.000000 -1.000000 -1.000000 -1.000000 -1.000000 -1.000000 -1.000000 
101 14 Car -1 1 -1.000000 116.877412 189.546928 209.690720 221.632021 -1.000000 -1.000000 -1.000000 -1.000000 -1.000000 -1.000000 -1.000000 -1.000000 
101 15 Car -1 2 -1.000000 159.909790 191.139958 233.341596 217.391097 -1.000000 -1.000000 -1.000000 -1.000000 -1.000000 -1.000000 -1.000000 -1.000000 
102 4 Tram -1 0 -1.000000 619.249634 148.635696 654.303992 185.189301 -1.000000 -1.000000 -1.000000 -1.000000 -1.000000 -1.000000 -1.000000 -1.000000 
102 12 Cyclist -1 0 -1.000000 880.640936 147.949833 916.273134 197.600591 -1.000000 -1.000000 -1.000000 -1.000000 -1.000000 -1.000000 -1.000000 -1.000000 
102 14 Car -1 1 -1.000000 108.269220 190.589682 202.891265 223.264503 -1.000000 -1.000000 -1.000000 -1.000000 -1.000000 -1.000000 -1.000000 -1.000000 
102 15 Car -1 2 -1.000000 152.473606 191.690488 227.256345 218.381915 -1.000000 -1.000000 -1.000000 -1.000000 -1.000000 -1.000000 -1.000000 -1.000000 
103 4 Tram -1 0 -1.000000 618.996157 148.658719 654.185049 185.038872 -1.000000 -1.000000 -1.000000 -1.000000 -1.000000 -1.000000 -1.000000 -1.000000 
103 12 Cyclist -1 0 -1.000000 881.743959 145.351245 917.650595 195.257734 -1.000000 -1.000000 -1.000000 -1.000000 -1.000000 -1.000000 -1.000000 -1.000000 
103 14 Car -1 1 -1.000000 99.358530 191.668140 195.858830 224.954390 -1.000000 -1.000000 -1.000000 -1.000000 -1.000000 -1.000000 -1.000000 -1.000000 
103 15 Car -1 2 -1.000000 144.792519 192.258652 220.976108 219.405379 -1.000000 -1.000000 -1.000000 -1.000000 -1.000000 -1.000000 -1.000000 -1.000000 
104 4 Tram -1 0 -1.000000 619.225796 146.801128 653.470763 182.976145 -1.000000 -1.000000 -1.000000 -1.000000 -1.000000 -1.000000 -1.000000 -1.000000 
104 12 Cyclist -1 0 -1.000000 881.795434 143.008415 917.709822 192.918184 -1.000000 -1.000000 -1.000000 -1.000000 -1.000000 -1.000000 -1.000000 -1.000000 
104 14 Car -1 1 -1.000000 90.868276 193.477112 189.140585 227.367140 -1.000000 -1.000000 -1.000000 -1.000000 -1.000000 -1.000000 -1.000000 -1.000000 
104 15 Car -1 2 -1.000000 138.603971 193.369677 216.033928 220.944206 -1.000000 -1.000000 -1.000000 -1.000000 -1.000000 -1.000000 -1.000000 -1.000000 
105 4 Tram -1 0 -1.000000 618.944379 147.500437 653.420879 183.419445 -1.000000 -1.000000 -1.000000 -1.000000 -1.000000 -1.000000 -1.000000 -1.000000 
105 12 Cyclist -1 0 -1.000000 881.877865 142.968512 917.803720 192.884884 -1.000000 -1.000000 -1.000000 -1.000000 -1.000000 -1.000000 -1.000000 -1.000000 
105 14 Car -1 1 -1.000000 82.097946 195.344227 182.206235 229.859540 -1.000000 -1.000000 -1.000000 -1.000000 -1.000000 -1.000000 -1.000000 -1.000000 
105 15 Car -1 2 -1.000000 132.231660 194.512811 210.948862 222.528745 -1.000000 -1.000000 -1.000000 -1.000000 -1.000000 -1.000000 -1.000000 -1.000000 
106 4 Tram -1 0 -1.000000 618.665943 148.189918 653.371577 183.856554 -1.000000 -1.000000 -1.000000 -1.000000 -1.000000 -1.000000 -1.000000 -1.000000 
106 12 Cyclist -1 0 -1.000000 881.985357 144.792322 917.925690 194.717989 -1.000000 -1.000000 -1.000000 -1.000000 -1.000000 -1.000000 -1.000000 -1.000000 
106 14 Car -1 1 -1.000000 73.873961 194.778071 175.708552 229.797274 -1.000000 -1.000000 -1.000000 -1.000000 -1.000000 -1.000000 -1.000000 -1.000000 
106 15 Car -1 2 -1.000000 125.742490 193.765490 205.750662 222.169123 -1.000000 -1.000000 -1.000000 -1.000000 -1.000000 -1.000000 -1.000000 -1.000000 
107 4 Tram -1 0 -1.000000 618.390442 148.869775 653.322845 184.287602 -1.000000 -1.000000 -1.000000 -1.000000 -1.000000 -1.000000 -1.000000 -1.000000 
107 12 Cyclist -1 0 -1.000000 882.109234 147.833729 918.066016 197.770451 -1.000000 -1.000000 -1.000000 -1.000000 -1.000000 -1.000000 -1.000000 -1.000000 
107 14 Car -1 0 -1.000000 65.395434 194.194840 169.014728 229.733077 -1.000000 -1.000000 -1.000000 -1.000000 -1.000000 -1.000000 -1.000000 -1.000000 
107 15 Car -1 2 -1.000000 119.061208 192.996653 200.402742 221.798850 -1.000000 -1.000000 -1.000000 -1.000000 -1.000000 -1.000000 -1.000000 -1.000000 
