[ 397.56948853  344.8734436   418.89099121  497.38479614]
[ 1186.6652832    275.69482422  1499.50085449   425.64819336]
[ 1532.98950195   395.55377197  1539.53771973   394.21499634]
[ 423.82983398  -31.23104095  123.72397614 -125.68553162]
[-470.1015625   -81.79358673   17.78743744   68.4798584 ]
[  87.50263977  365.67581177  291.32711792  511.34197998]
[  971.53656006   247.43280029  1539.37890625   357.69009399]
[ 1199.82617188   278.76196289  1569.36437988   313.36260986]
[-223.94514465  114.94822693  405.41842651  -38.30385208]
[ -63.14640045   88.21411896 -200.37895203   -4.46215439]
[ 605.34259033  197.97718811  893.04754639  592.61242676]
[ 1188.81494141   336.57183838  1116.99121094   403.2371521 ]
[ 1411.98242188   288.15930176  1197.9576416    283.70239258]
[ 172.17712402  183.60246277  337.11712646   95.09938049]
[   8.54870987  -20.38184547 -184.73051453 -153.58575439]
[ 157.45335388  352.99807739  840.03887939  415.85067749]
[ 1790.61804199    89.14889526  1264.03771973   417.67333984]
[ 1368.13745117   113.99658203  1468.98962402   189.65104675]
[ 374.71325684   51.63309097  438.67102051  -42.7504158 ]
[  13.87736893 -115.6943512   165.30004883 -171.72311401]
[ 577.48504639  282.3067627   777.60723877  516.65588379]
[ 1655.24780273   411.72357178   742.77758789   532.59716797]
[ 1157.0480957    253.32107544  1347.13012695   142.51786804]
[ 316.24356079  -19.70729637  420.00079346   13.89741135]
[ -26.05547523  -19.82913017 -712.20440674    9.17944431]
