0 1 Car -1 0 -1.000000 401.037431 179.122894 445.618411 214.043355 -1.000000 -1.000000 -1.000000 -1.000000 -1.000000 -1.000000 -1.000000 -1.000000 
1 1 Car -1 0 -1.000000 386.973315 179.281359 437.300887 217.828484 -1.000000 -1.000000 -1.000000 -1.000000 -1.000000 -1.000000 -1.000000 -1.000000 
2 1 Car -1 0 -1.000000 369.653800 179.476469 427.233542 222.490488 -1.000000 -1.000000 -1.000000 -1.000000 -1.000000 -1.000000 -1.000000 -1.000000 
3 1 Car -1 0 -1.000000 347.800349 179.722590 414.799538 228.373997 -1.000000 -1.000000 -1.000000 -1.000000 -1.000000 -1.000000 -1.000000 -1.000000 
4 1 Car -1 0 -1.000000 317.704461 181.566531 397.399396 237.501379 -1.000000 -1.000000 -1.000000 -1.000000 -1.000000 -1.000000 -1.000000 -1.000000 
5 1 Car -1 0 -1.000000 277.194292 183.805308 374.778160 249.790501 -1.000000 -1.000000 -1.000000 -1.000000 -1.000000 -1.000000 -1.000000 -1.000000 
6 1 Car -1 0 -1.000000 218.121605 185.047081 342.714201 265.021234 -1.000000 -1.000000 -1.000000 -1.000000 -1.000000 -1.000000 -1.000000 -1.000000 
7 1 Car -1 0 -1.000000 128.011359 186.816898 296.998415 288.266294 -1.000000 -1.000000 -1.000000 -1.000000 -1.000000 -1.000000 -1.000000 -1.000000 
7 2 Car -1 0 -1.000000 388.911238 179.541313 436.388746 205.003535 -1.000000 -1.000000 -1.000000 -1.000000 -1.000000 -1.000000 -1.000000 -1.000000 
8 2 Car -1 0 -1.000000 378.619127 178.804929 431.399572 206.385646 -1.000000 -1.000000 -1.000000 -1.000000 -1.000000 -1.000000 -1.000000 -1.000000 
9 2 Car -1 0 -1.000000 366.462307 177.934286 425.595240 208.018565 -1.000000 -1.000000 -1.000000 -1.000000 -1.000000 -1.000000 -1.000000 -1.000000 
10 2 Car -1 0 -1.000000 347.646212 179.154853 414.246459 212.302316 -1.000000 -1.000000 -1.000000 -1.000000 -1.000000 -1.000000 -1.000000 -1.000000 
11 2 Car -1 0 -1.000000 324.571005 180.650915 400.663451 217.556229 -1.000000 -1.000000 -1.000000 -1.000000 -1.000000 -1.000000 -1.000000 -1.000000 
12 2 Car -1 0 -1.000000 295.606020 182.264073 384.114411 224.151967 -1.000000 -1.000000 -1.000000 -1.000000 -1.000000 -1.000000 -1.000000 -1.000000 
13 2 Car -1 0 -1.000000 254.115818 184.298467 360.316944 232.824106 -1.000000 -1.000000 -1.000000 -1.000000 -1.000000 -1.000000 -1.000000 -1.000000 
14 2 Car -1 0 -1.000000 198.106652 186.912217 329.737959 244.533390 -1.000000 -1.000000 -1.000000 -1.000000 -1.000000 -1.000000 -1.000000 -1.000000 
15 2 Car -1 0 -1.000000 119.250998 190.369561 289.406991 261.022145 -1.000000 -1.000000 -1.000000 -1.000000 -1.000000 -1.000000 -1.000000 -1.000000 
112 4 Truck -1 2 -1.000000 35.142685 154.285774 217.636040 208.381900 -1.000000 -1.000000 -1.000000 -1.000000 -1.000000 -1.000000 -1.000000 -1.000000 
113 4 Truck -1 2 -1.000000 34.918025 153.405353 220.397234 208.470637 -1.000000 -1.000000 -1.000000 -1.000000 -1.000000 -1.000000 -1.000000 -1.000000 
114 4 Truck -1 2 -1.000000 34.746973 152.494226 223.175712 208.560625 -1.000000 -1.000000 -1.000000 -1.000000 -1.000000 -1.000000 -1.000000 -1.000000 
115 4 Truck -1 1 -1.000000 34.632793 151.550891 225.972411 208.651903 -1.000000 -1.000000 -1.000000 -1.000000 -1.000000 -1.000000 -1.000000 -1.000000 
116 4 Truck -1 1 -1.000000 38.146948 150.819311 230.866372 208.501492 -1.000000 -1.000000 -1.000000 -1.000000 -1.000000 -1.000000 -1.000000 -1.000000 
117 4 Truck -1 1 -1.000000 41.856700 150.076205 235.786841 208.343559 -1.000000 -1.000000 -1.000000 -1.000000 -1.000000 -1.000000 -1.000000 -1.000000 
118 4 Truck -1 1 -1.000000 45.765288 149.321397 240.735829 208.177985 -1.000000 -1.000000 -1.000000 -1.000000 -1.000000 -1.000000 -1.000000 -1.000000 
119 3 Car -1 0 -1.000000 933.670744 186.108272 1224.884302 306.200029 -1.000000 -1.000000 -1.000000 -1.000000 -1.000000 -1.000000 -1.000000 -1.000000 
119 4 Truck -1 1 -1.000000 49.875872 148.554700 245.715533 208.004654 -1.000000 -1.000000 -1.000000 -1.000000 -1.000000 -1.000000 -1.000000 -1.000000 
120 3 Car -1 0 -1.000000 913.320825 184.644096 1170.983861 293.651387 -1.000000 -1.000000 -1.000000 -1.000000 -1.000000 -1.000000 -1.000000 -1.000000 
120 4 Truck -1 1 -1.000000 52.194295 148.168974 249.934503 208.363489 -1.000000 -1.000000 -1.000000 -1.000000 -1.000000 -1.000000 -1.000000 -1.000000 
121 3 Car -1 0 -1.000000 895.310225 183.347511 1125.658069 283.111487 -1.000000 -1.000000 -1.000000 -1.000000 -1.000000 -1.000000 -1.000000 -1.000000 
121 4 Truck -1 1 -1.000000 53.647406 147.775548 254.217714 208.728751 -1.000000 -1.000000 -1.000000 -1.000000 -1.000000 -1.000000 -1.000000 -1.000000 
122 3 Car -1 0 -1.000000 879.257494 182.191302 1087.011556 274.133743 -1.000000 -1.000000 -1.000000 -1.000000 -1.000000 -1.000000 -1.000000 -1.000000 
122 4 Truck -1 1 -1.000000 55.226774 147.374145 258.568854 209.100631 -1.000000 -1.000000 -1.000000 -1.000000 -1.000000 -1.000000 -1.000000 -1.000000 
123 3 Car -1 0 -1.000000 863.821784 181.068194 1050.762763 265.575117 -1.000000 -1.000000 -1.000000 -1.000000 -1.000000 -1.000000 -1.000000 -1.000000 
123 4 Truck -1 1 -1.000000 56.937425 146.964475 262.991877 209.479334 -1.000000 -1.000000 -1.000000 -1.000000 -1.000000 -1.000000 -1.000000 -1.000000 
124 3 Car -1 0 -1.000000 850.062443 179.854113 1019.652851 258.235684 -1.000000 -1.000000 -1.000000 -1.000000 -1.000000 -1.000000 -1.000000 -1.000000 
124 4 Truck -1 1 -1.000000 58.784526 146.546232 267.491033 209.865078 -1.000000 -1.000000 -1.000000 -1.000000 -1.000000 -1.000000 -1.000000 -1.000000 
125 3 Car -1 0 -1.000000 837.720448 178.709602 992.661364 251.872251 -1.000000 -1.000000 -1.000000 -1.000000 -1.000000 -1.000000 -1.000000 -1.000000 
125 4 Truck -1 1 -1.000000 60.186094 145.464533 271.835040 209.719169 -1.000000 -1.000000 -1.000000 -1.000000 -1.000000 -1.000000 -1.000000 -1.000000 
126 3 Car -1 0 -1.000000 826.587528 177.707061 969.021263 246.302274 -1.000000 -1.000000 -1.000000 -1.000000 -1.000000 -1.000000 -1.000000 -1.000000 
126 4 Truck -1 1 -1.000000 61.700255 144.351918 276.282924 209.566853 -1.000000 -1.000000 -1.000000 -1.000000 -1.000000 -1.000000 -1.000000 -1.000000 
127 3 Car -1 0 -1.000000 816.494311 176.821617 948.144844 241.386057 -1.000000 -1.000000 -1.000000 -1.000000 -1.000000 -1.000000 -1.000000 -1.000000 
127 4 Truck -1 1 -1.000000 63.332071 143.207105 280.840959 209.407892 -1.000000 -1.000000 -1.000000 -1.000000 -1.000000 -1.000000 -1.000000 -1.000000 
128 3 Car -1 0 -1.000000 807.336631 176.676872 928.271323 237.261680 -1.000000 -1.000000 -1.000000 -1.000000 -1.000000 -1.000000 -1.000000 -1.000000 
128 4 Truck -1 1 -1.000000 65.086848 142.028736 285.515909 209.242038 -1.000000 -1.000000 -1.000000 -1.000000 -1.000000 -1.000000 -1.000000 -1.000000 
129 3 Car -1 0 -1.000000 799.046848 176.548786 910.684742 233.616204 -1.000000 -1.000000 -1.000000 -1.000000 -1.000000 -1.000000 -1.000000 -1.000000 
129 4 Truck -1 1 -1.000000 64.469550 141.760752 288.248170 210.077203 -1.000000 -1.000000 -1.000000 -1.000000 -1.000000 -1.000000 -1.000000 -1.000000 
130 3 Car -1 0 -1.000000 791.507210 176.434641 895.011760 230.370795 -1.000000 -1.000000 -1.000000 -1.000000 -1.000000 -1.000000 -1.000000 -1.000000 
130 4 Truck -1 1 -1.000000 63.875569 141.484735 291.461078 210.939025 -1.000000 -1.000000 -1.000000 -1.000000 -1.000000 -1.000000 -1.000000 -1.000000 
131 3 Car -1 0 -1.000000 784.620344 176.332280 880.956107 227.463023 -1.000000 -1.000000 -1.000000 -1.000000 -1.000000 -1.000000 -1.000000 -1.000000 
131 4 Truck -1 1 -1.000000 63.306166 141.200271 295.100574 211.828793 -1.000000 -1.000000 -1.000000 -1.000000 -1.000000 -1.000000 -1.000000 -1.000000 
132 3 Car -1 0 -1.000000 778.305033 176.239970 868.279671 224.842803 -1.000000 -1.000000 -1.000000 -1.000000 -1.000000 -1.000000 -1.000000 -1.000000 
132 4 Truck -1 1 -1.000000 62.762665 140.906919 298.840803 212.747887 -1.000000 -1.000000 -1.000000 -1.000000 -1.000000 -1.000000 -1.000000 -1.000000 
133 3 Car -1 0 -1.000000 771.753079 176.094998 855.691181 222.284984 -1.000000 -1.000000 -1.000000 -1.000000 -1.000000 -1.000000 -1.000000 -1.000000 
133 4 Truck -1 1 -1.000000 62.246462 140.604208 302.687557 213.697780 -1.000000 -1.000000 -1.000000 -1.000000 -1.000000 -1.000000 -1.000000 -1.000000 
134 3 Car -1 0 -1.000000 765.729292 175.963653 844.285469 219.969136 -1.000000 -1.000000 -1.000000 -1.000000 -1.000000 -1.000000 -1.000000 -1.000000 
134 4 Truck -1 1 -1.000000 61.759032 140.291630 306.647088 214.680046 -1.000000 -1.000000 -1.000000 -1.000000 -1.000000 -1.000000 -1.000000 -1.000000 
135 3 Car -1 0 -1.000000 760.172310 175.844102 833.903279 217.862474 -1.000000 -1.000000 -1.000000 -1.000000 -1.000000 -1.000000 -1.000000 -1.000000 
135 4 Truck -1 1 -1.000000 61.301930 139.968647 310.726153 215.696371 -1.000000 -1.000000 -1.000000 -1.000000 -1.000000 -1.000000 -1.000000 -1.000000 
136 3 Car -1 0 -1.000000 755.029923 175.734824 824.412723 215.937881 -1.000000 -1.000000 -1.000000 -1.000000 -1.000000 -1.000000 -1.000000 -1.000000 
136 4 Truck -1 1 -1.000000 56.795190 138.518273 311.641260 215.798722 -1.000000 -1.000000 -1.000000 -1.000000 -1.000000 -1.000000 -1.000000 -1.000000 
137 3 Car -1 0 -1.000000 750.257424 175.634553 815.703635 214.172732 -1.000000 -1.000000 -1.000000 -1.000000 -1.000000 -1.000000 -1.000000 -1.000000 
137 4 Truck -1 0 -1.000000 52.116291 137.007484 312.581649 215.904900 -1.000000 -1.000000 -1.000000 -1.000000 -1.000000 -1.000000 -1.000000 -1.000000 
138 3 Car -1 0 -1.000000 745.752072 175.078171 807.760197 211.961686 -1.000000 -1.000000 -1.000000 -1.000000 -1.000000 -1.000000 -1.000000 -1.000000 
138 4 Truck -1 0 -1.000000 47.254318 135.432447 313.548893 216.015152 -1.000000 -1.000000 -1.000000 -1.000000 -1.000000 -1.000000 -1.000000 -1.000000 
139 3 Car -1 0 -1.000000 741.571753 174.567537 800.470214 209.932603 -1.000000 -1.000000 -1.000000 -1.000000 -1.000000 -1.000000 -1.000000 -1.000000 
139 4 Truck -1 0 -1.000000 42.197409 133.788991 314.544705 216.129748 -1.000000 -1.000000 -1.000000 -1.000000 -1.000000 -1.000000 -1.000000 -1.000000 
140 3 Car -1 0 -1.000000 737.682517 174.097230 793.756237 208.063909 -1.000000 -1.000000 -1.000000 -1.000000 -1.000000 -1.000000 -1.000000 -1.000000 
140 4 Truck -1 0 -1.000000 36.932648 132.072581 315.570945 216.248980 -1.000000 -1.000000 -1.000000 -1.000000 -1.000000 -1.000000 -1.000000 -1.000000 
141 3 Car -1 0 -1.000000 734.054987 173.662655 787.552592 206.337311 -1.000000 -1.000000 -1.000000 -1.000000 -1.000000 -1.000000 -1.000000 -1.000000 
141 4 Truck -1 0 -1.000000 29.887332 132.445350 314.793798 218.360012 -1.000000 -1.000000 -1.000000 -1.000000 -1.000000 -1.000000 -1.000000 -1.000000 
142 3 Car -1 0 -1.000000 730.663606 173.259889 781.803225 204.737194 -1.000000 -1.000000 -1.000000 -1.000000 -1.000000 -1.000000 -1.000000 -1.000000 
142 4 Truck -1 0 -1.000000 22.563897 132.834151 313.971160 220.559513 -1.000000 -1.000000 -1.000000 -1.000000 -1.000000 -1.000000 -1.000000 -1.000000 
143 3 Car -1 0 -1.000000 728.051901 172.890546 776.471743 203.203773 -1.000000 -1.000000 -1.000000 -1.000000 -1.000000 -1.000000 -1.000000 -1.000000 
143 4 Truck -1 0 -1.000000 14.944592 133.239997 313.100101 222.853135 -1.000000 -1.000000 -1.000000 -1.000000 -1.000000 -1.000000 -1.000000 -1.000000 
144 3 Car -1 0 -1.000000 725.608248 172.547387 771.516890 201.779831 -1.000000 -1.000000 -1.000000 -1.000000 -1.000000 -1.000000 -1.000000 -1.000000 
144 4 Truck -1 0 -1.000000 7.010119 133.663988 312.177439 225.247024 -1.000000 -1.000000 -1.000000 -1.000000 -1.000000 -1.000000 -1.000000 -1.000000 
145 3 Car -1 0 -1.000000 723.316989 172.227727 766.900051 200.454053 -1.000000 -1.000000 -1.000000 -1.000000 -1.000000 -1.000000 -1.000000 -1.000000 
146 3 Car -1 0 -1.000000 721.164351 171.929237 762.587720 199.216629 -1.000000 -1.000000 -1.000000 -1.000000 -1.000000 -1.000000 -1.000000 -1.000000 
147 3 Car -1 0 -1.000000 719.138172 171.649885 758.550678 198.059015 -1.000000 -1.000000 -1.000000 -1.000000 -1.000000 -1.000000 -1.000000 -1.000000 
148 3 Car -1 0 -1.000000 717.521775 171.471767 754.869350 197.003057 -1.000000 -1.000000 -1.000000 -1.000000 -1.000000 -1.000000 -1.000000 -1.000000 
211 4 Truck -1 1 -1.000000 27.861735 76.504683 582.532537 270.453076 -1.000000 -1.000000 -1.000000 -1.000000 -1.000000 -1.000000 -1.000000 -1.000000 
212 4 Truck -1 1 -1.000000 66.821516 75.815999 605.683449 268.080146 -1.000000 -1.000000 -1.000000 -1.000000 -1.000000 -1.000000 -1.000000 -1.000000 
213 4 Truck -1 1 -1.000000 106.098994 74.288383 627.878799 264.940440 -1.000000 -1.000000 -1.000000 -1.000000 -1.000000 -1.000000 -1.000000 -1.000000 
214 4 Truck -1 1 -1.000000 147.023506 76.236359 650.062296 264.613877 -1.000000 -1.000000 -1.000000 -1.000000 -1.000000 -1.000000 -1.000000 -1.000000 
215 4 Truck -1 1 -1.000000 188.074611 76.489072 671.488105 262.477029 -1.000000 -1.000000 -1.000000 -1.000000 -1.000000 -1.000000 -1.000000 -1.000000 
216 4 Truck -1 1 -1.000000 228.255955 78.717746 691.061328 262.287824 -1.000000 -1.000000 -1.000000 -1.000000 -1.000000 -1.000000 -1.000000 -1.000000 
217 4 Truck -1 1 -1.000000 261.469568 78.554979 709.784937 259.394420 -1.000000 -1.000000 -1.000000 -1.000000 -1.000000 -1.000000 -1.000000 -1.000000 
218 4 Truck -1 1 -1.000000 291.798539 78.895764 726.780239 256.849067 -1.000000 -1.000000 -1.000000 -1.000000 -1.000000 -1.000000 -1.000000 -1.000000 
219 4 Truck -1 1 -1.000000 321.860721 80.850589 742.503216 255.766634 -1.000000 -1.000000 -1.000000 -1.000000 -1.000000 -1.000000 -1.000000 -1.000000 
220 4 Truck -1 0 -1.000000 349.500273 81.898326 754.815750 253.971586 -1.000000 -1.000000 -1.000000 -1.000000 -1.000000 -1.000000 -1.000000 -1.000000 
221 4 Truck -1 0 -1.000000 377.335173 83.332707 766.157791 252.303559 -1.000000 -1.000000 -1.000000 -1.000000 -1.000000 -1.000000 -1.000000 -1.000000 
222 4 Truck -1 0 -1.000000 404.579823 85.229519 775.966423 250.964234 -1.000000 -1.000000 -1.000000 -1.000000 -1.000000 -1.000000 -1.000000 -1.000000 
223 4 Truck -1 0 -1.000000 431.325266 85.949368 784.341146 248.268927 -1.000000 -1.000000 -1.000000 -1.000000 -1.000000 -1.000000 -1.000000 -1.000000 
224 4 Truck -1 0 -1.000000 457.374918 85.266324 791.174178 244.050111 -1.000000 -1.000000 -1.000000 -1.000000 -1.000000 -1.000000 -1.000000 -1.000000 
225 4 Truck -1 0 -1.000000 482.869871 87.944262 797.104645 243.040290 -1.000000 -1.000000 -1.000000 -1.000000 -1.000000 -1.000000 -1.000000 -1.000000 
226 4 Truck -1 0 -1.000000 507.592733 88.480375 801.854597 239.690810 -1.000000 -1.000000 -1.000000 -1.000000 -1.000000 -1.000000 -1.000000 -1.000000 
227 4 Truck -1 0 -1.000000 531.247481 90.877118 805.632858 238.125585 -1.000000 -1.000000 -1.000000 -1.000000 -1.000000 -1.000000 -1.000000 -1.000000 
228 4 Truck -1 0 -1.000000 553.804496 91.503316 808.779178 234.749229 -1.000000 -1.000000 -1.000000 -1.000000 -1.000000 -1.000000 -1.000000 -1.000000 
229 4 Truck -1 0 -1.000000 575.219134 94.955693 811.362961 234.190273 -1.000000 -1.000000 -1.000000 -1.000000 -1.000000 -1.000000 -1.000000 -1.000000 
230 4 Truck -1 0 -1.000000 595.771559 96.393170 812.862051 231.619376 -1.000000 -1.000000 -1.000000 -1.000000 -1.000000 -1.000000 -1.000000 -1.000000 
231 4 Truck -1 0 -1.000000 614.723209 97.825778 813.841161 229.016526 -1.000000 -1.000000 -1.000000 -1.000000 -1.000000 -1.000000 -1.000000 -1.000000 
232 4 Truck -1 0 -1.000000 632.564830 101.451586 814.196741 228.690120 -1.000000 -1.000000 -1.000000 -1.000000 -1.000000 -1.000000 -1.000000 -1.000000 
233 4 Truck -1 0 -1.000000 649.015314 102.993329 813.958471 226.238417 -1.000000 -1.000000 -1.000000 -1.000000 -1.000000 -1.000000 -1.000000 -1.000000 
234 4 Truck -1 0 -1.000000 664.155219 103.389032 813.475043 222.699680 -1.000000 -1.000000 -1.000000 -1.000000 -1.000000 -1.000000 -1.000000 -1.000000 
235 4 Truck -1 0 -1.000000 677.606837 106.959184 812.325719 222.432838 -1.000000 -1.000000 -1.000000 -1.000000 -1.000000 -1.000000 -1.000000 -1.000000 
236 4 Truck -1 0 -1.000000 688.526743 108.612323 811.599718 220.460759 -1.000000 -1.000000 -1.000000 -1.000000 -1.000000 -1.000000 -1.000000 -1.000000 
237 4 Truck -1 0 -1.000000 698.250162 110.588036 810.516568 218.925124 -1.000000 -1.000000 -1.000000 -1.000000 -1.000000 -1.000000 -1.000000 -1.000000 
238 4 Truck -1 0 -1.000000 706.562820 110.669523 808.608971 215.580342 -1.000000 -1.000000 -1.000000 -1.000000 -1.000000 -1.000000 -1.000000 -1.000000 
239 4 Truck -1 0 -1.000000 714.192818 111.983170 807.287882 213.593638 -1.000000 -1.000000 -1.000000 -1.000000 -1.000000 -1.000000 -1.000000 -1.000000 
240 4 Truck -1 0 -1.000000 720.548689 115.140520 805.872627 213.569619 -1.000000 -1.000000 -1.000000 -1.000000 -1.000000 -1.000000 -1.000000 -1.000000 
241 4 Truck -1 0 -1.000000 725.467025 117.970354 803.719854 213.313111 -1.000000 -1.000000 -1.000000 -1.000000 -1.000000 -1.000000 -1.000000 -1.000000 
242 4 Truck -1 0 -1.000000 730.844653 119.369720 805.182969 211.684217 -1.000000 -1.000000 -1.000000 -1.000000 -1.000000 -1.000000 -1.000000 -1.000000 
243 4 Truck -1 0 -1.000000 734.444318 119.409306 806.601381 208.929820 -1.000000 -1.000000 -1.000000 -1.000000 -1.000000 -1.000000 -1.000000 -1.000000 
244 4 Truck -1 0 -1.000000 736.480229 120.497026 806.432225 207.263853 -1.000000 -1.000000 -1.000000 -1.000000 -1.000000 -1.000000 -1.000000 -1.000000 
245 4 Truck -1 0 -1.000000 738.906992 122.235656 806.736502 206.356839 -1.000000 -1.000000 -1.000000 -1.000000 -1.000000 -1.000000 -1.000000 -1.000000 
246 4 Truck -1 0 -1.000000 736.584844 125.423040 806.754283 206.984470 -1.000000 -1.000000 -1.000000 -1.000000 -1.000000 -1.000000 -1.000000 -1.000000 
247 4 Truck -1 0 -1.000000 734.430071 125.859500 805.602278 205.003757 -1.000000 -1.000000 -1.000000 -1.000000 -1.000000 -1.000000 -1.000000 -1.000000 
248 4 Truck -1 0 -1.000000 732.130110 126.454972 803.904235 203.264335 -1.000000 -1.000000 -1.000000 -1.000000 -1.000000 -1.000000 -1.000000 -1.000000 
249 4 Truck -1 0 -1.000000 728.612497 126.981949 803.760857 201.567788 -1.000000 -1.000000 -1.000000 -1.000000 -1.000000 -1.000000 -1.000000 -1.000000 
250 4 Truck -1 0 -1.000000 725.905336 129.815741 801.652673 202.275524 -1.000000 -1.000000 -1.000000 -1.000000 -1.000000 -1.000000 -1.000000 -1.000000 
251 4 Truck -1 0 -1.000000 724.304089 131.220501 797.974604 201.649462 -1.000000 -1.000000 -1.000000 -1.000000 -1.000000 -1.000000 -1.000000 -1.000000 
252 4 Truck -1 0 -1.000000 722.770798 132.548443 794.497684 201.057250 -1.000000 -1.000000 -1.000000 -1.000000 -1.000000 -1.000000 -1.000000 -1.000000 
253 4 Truck -1 0 -1.000000 721.301235 133.805703 791.205836 200.496216 -1.000000 -1.000000 -1.000000 -1.000000 -1.000000 -1.000000 -1.000000 -1.000000 
254 4 Truck -1 0 -1.000000 719.891517 134.997777 788.084649 199.963960 -1.000000 -1.000000 -1.000000 -1.000000 -1.000000 -1.000000 -1.000000 -1.000000 
255 4 Truck -1 0 -1.000000 718.538071 136.129606 785.121175 199.458322 -1.000000 -1.000000 -1.000000 -1.000000 -1.000000 -1.000000 -1.000000 -1.000000 
256 4 Truck -1 0 -1.000000 717.237600 137.205646 782.303739 198.977356 -1.000000 -1.000000 -1.000000 -1.000000 -1.000000 -1.000000 -1.000000 -1.000000 
257 4 Truck -1 0 -1.000000 716.315438 138.020362 779.947424 198.229667 -1.000000 -1.000000 -1.000000 -1.000000 -1.000000 -1.000000 -1.000000 -1.000000 
258 4 Truck -1 0 -1.000000 715.429932 138.794780 777.707606 197.518633 -1.000000 -1.000000 -1.000000 -1.000000 -1.000000 -1.000000 -1.000000 -1.000000 
259 4 Truck -1 0 -1.000000 714.578949 139.531818 775.575841 196.841624 -1.000000 -1.000000 -1.000000 -1.000000 -1.000000 -1.000000 -1.000000 -1.000000 
260 4 Truck -1 0 -1.000000 713.782137 140.364988 773.223059 196.371166 -1.000000 -1.000000 -1.000000 -1.000000 -1.000000 -1.000000 -1.000000 -1.000000 
261 4 Truck -1 0 -1.000000 713.014210 141.161060 770.975117 195.921597 -1.000000 -1.000000 -1.000000 -1.000000 -1.000000 -1.000000 -1.000000 -1.000000 
262 4 Truck -1 0 -1.000000 712.273626 141.922459 768.825161 195.491558 -1.000000 -1.000000 -1.000000 -1.000000 -1.000000 -1.000000 -1.000000 -1.000000 
263 4 Truck -1 0 -1.000000 711.558949 142.651401 766.766920 195.079801 -1.000000 -1.000000 -1.000000 -1.000000 -1.000000 -1.000000 -1.000000 -1.000000 
264 4 Truck -1 0 -1.000000 710.868844 143.349919 764.794648 194.685187 -1.000000 -1.000000 -1.000000 -1.000000 -1.000000 -1.000000 -1.000000 -1.000000 
265 4 Truck -1 0 -1.000000 710.202065 144.019879 762.903070 194.306665 -1.000000 -1.000000 -1.000000 -1.000000 -1.000000 -1.000000 -1.000000 -1.000000 
266 4 Truck -1 0 -1.000000 709.557448 144.662996 761.087333 193.943272 -1.000000 -1.000000 -1.000000 -1.000000 -1.000000 -1.000000 -1.000000 -1.000000 
267 4 Truck -1 0 -1.000000 709.433040 145.529912 758.001114 193.877063 -1.000000 -1.000000 -1.000000 -1.000000 -1.000000 -1.000000 -1.000000 -1.000000 
268 4 Truck -1 0 -1.000000 709.316368 146.365628 755.023031 193.813080 -1.000000 -1.000000 -1.000000 -1.000000 -1.000000 -1.000000 -1.000000 -1.000000 
269 4 Truck -1 0 -1.000000 709.206912 147.171786 752.147569 193.751200 -1.000000 -1.000000 -1.000000 -1.000000 -1.000000 -1.000000 -1.000000 -1.000000 
270 4 Truck -1 0 -1.000000 709.104182 147.949918 749.369593 193.691310 -1.000000 -1.000000 -1.000000 -1.000000 -1.000000 -1.000000 -1.000000 -1.000000 
271 4 Truck -1 0 -1.000000 707.026488 148.933051 746.184923 193.918240 -1.000000 -1.000000 -1.000000 -1.000000 -1.000000 -1.000000 -1.000000 -1.000000 
272 4 Truck -1 0 -1.000000 705.005707 149.884261 743.103727 194.137828 -1.000000 -1.000000 -1.000000 -1.000000 -1.000000 -1.000000 -1.000000 -1.000000 
273 4 Truck -1 0 -1.000000 703.039532 150.805078 740.121043 194.350423 -1.000000 -1.000000 -1.000000 -1.000000 -1.000000 -1.000000 -1.000000 -1.000000 
274 4 Truck -1 0 -1.000000 701.125778 151.696935 737.232221 194.556356 -1.000000 -1.000000 -1.000000 -1.000000 -1.000000 -1.000000 -1.000000 -1.000000 
275 4 Truck -1 0 -1.000000 699.262379 152.561177 734.432899 194.755933 -1.000000 -1.000000 -1.000000 -1.000000 -1.000000 -1.000000 -1.000000 -1.000000 
276 4 Truck -1 0 -1.000000 697.447371 153.399067 731.718981 194.949445 -1.000000 -1.000000 -1.000000 -1.000000 -1.000000 -1.000000 -1.000000 -1.000000 
277 4 Truck -1 0 -1.000000 695.678895 154.211793 729.086617 195.137164 -1.000000 -1.000000 -1.000000 -1.000000 -1.000000 -1.000000 -1.000000 -1.000000 
278 4 Truck -1 0 -1.000000 692.886635 153.414268 725.507502 193.773257 -1.000000 -1.000000 -1.000000 -1.000000 -1.000000 -1.000000 -1.000000 -1.000000 
279 4 Truck -1 0 -1.000000 690.160298 152.638772 722.027254 192.446710 -1.000000 -1.000000 -1.000000 -1.000000 -1.000000 -1.000000 -1.000000 -1.000000 
280 4 Truck -1 0 -1.000000 687.448944 151.884405 718.641833 191.156007 -1.000000 -1.000000 -1.000000 -1.000000 -1.000000 -1.000000 -1.000000 -1.000000 
281 4 Truck -1 0 -1.000000 684.588233 151.150315 715.347415 189.899716 -1.000000 -1.000000 -1.000000 -1.000000 -1.000000 -1.000000 -1.000000 -1.000000 
282 4 Truck -1 0 -1.000000 681.802779 150.435697 712.140380 188.676480 -1.000000 -1.000000 -1.000000 -1.000000 -1.000000 -1.000000 -1.000000 -1.000000 
283 4 Truck -1 0 -1.000000 679.602832 150.091442 709.593152 187.911278 -1.000000 -1.000000 -1.000000 -1.000000 -1.000000 -1.000000 -1.000000 -1.000000 
284 4 Truck -1 0 -1.000000 677.450618 149.754793 707.101727 187.162604 -1.000000 -1.000000 -1.000000 -1.000000 -1.000000 -1.000000 -1.000000 -1.000000 
285 4 Truck -1 0 -1.000000 677.685490 149.377816 707.094014 186.397555 -1.000000 -1.000000 -1.000000 -1.000000 -1.000000 -1.000000 -1.000000 -1.000000 
286 4 Truck -1 0 -1.000000 677.531031 149.008702 707.086146 185.648047 -1.000000 -1.000000 -1.000000 -1.000000 -1.000000 -1.000000 -1.000000 -1.000000 
287 4 Truck -1 0 -1.000000 677.379533 148.647210 707.078123 184.913613 -1.000000 -1.000000 -1.000000 -1.000000 -1.000000 -1.000000 -1.000000 -1.000000 
288 4 Truck -1 0 -1.000000 681.153134 149.230321 710.163980 185.160882 -1.000000 -1.000000 -1.000000 -1.000000 -1.000000 -1.000000 -1.000000 -1.000000 
289 4 Truck -1 0 -1.000000 684.866503 149.803017 713.192212 185.403444 -1.000000 -1.000000 -1.000000 -1.000000 -1.000000 -1.000000 -1.000000 -1.000000 
290 4 Truck -1 0 -1.000000 688.158695 150.365567 716.164363 185.641426 -1.000000 -1.000000 -1.000000 -1.000000 -1.000000 -1.000000 -1.000000 -1.000000 
291 4 Truck -1 0 -1.000000 691.313475 150.918234 719.081925 185.874950 -1.000000 -1.000000 -1.000000 -1.000000 -1.000000 -1.000000 -1.000000 -1.000000 
292 4 Truck -1 0 -1.000000 698.794901 150.921213 726.396131 185.620041 -1.000000 -1.000000 -1.000000 -1.000000 -1.000000 -1.000000 -1.000000 -1.000000 
293 4 Truck -1 0 -1.000000 706.164116 150.924288 733.602490 185.368951 -1.000000 -1.000000 -1.000000 -1.000000 -1.000000 -1.000000 -1.000000 -1.000000 
294 4 Truck -1 0 -1.000000 718.450145 150.953065 745.825533 185.227995 -1.000000 -1.000000 -1.000000 -1.000000 -1.000000 -1.000000 -1.000000 -1.000000 
295 4 Truck -1 0 -1.000000 730.607667 150.982076 757.926746 185.088423 -1.000000 -1.000000 -1.000000 -1.000000 -1.000000 -1.000000 -1.000000 -1.000000 
296 4 Truck -1 0 -1.000000 742.638360 151.011317 769.907459 184.950220 -1.000000 -1.000000 -1.000000 -1.000000 -1.000000 -1.000000 -1.000000 -1.000000 
