0 1 Car -1 0 -1.000000 556.852600 184.303267 705.644943 324.289418 -1.000000 -1.000000 -1.000000 -1.000000 -1.000000 -1.000000 -1.000000 -1.000000 
0 2 Car -1 0 -1.000000 54.414446 177.290538 423.948407 397.332089 -1.000000 -1.000000 -1.000000 -1.000000 -1.000000 -1.000000 -1.000000 -1.000000 
0 5 Van -1 1 -1.000000 341.567178 142.938530 511.177203 271.226567 -1.000000 -1.000000 -1.000000 -1.000000 -1.000000 -1.000000 -1.000000 -1.000000 
0 6 Car -1 2 -1.000000 448.773747 179.492873 530.155853 233.409227 -1.000000 -1.000000 -1.000000 -1.000000 -1.000000 -1.000000 -1.000000 -1.000000 
0 7 Van -1 1 -1.000000 487.514565 167.925154 543.489239 216.643857 -1.000000 -1.000000 -1.000000 -1.000000 -1.000000 -1.000000 -1.000000 -1.000000 
0 8 Car -1 0 -1.000000 687.647275 177.815932 740.525639 213.647030 -1.000000 -1.000000 -1.000000 -1.000000 -1.000000 -1.000000 -1.000000 -1.000000 
0 9 Van -1 1 -1.000000 667.086234 165.537517 714.596422 203.285963 -1.000000 -1.000000 -1.000000 -1.000000 -1.000000 -1.000000 -1.000000 -1.000000 
1 1 Car -1 0 -1.000000 556.451849 184.536651 707.983611 327.221082 -1.000000 -1.000000 -1.000000 -1.000000 -1.000000 -1.000000 -1.000000 -1.000000 
1 2 Car -1 0 -1.000000 20.295744 177.984936 415.929916 409.845092 -1.000000 -1.000000 -1.000000 -1.000000 -1.000000 -1.000000 -1.000000 -1.000000 
1 5 Van -1 1 -1.000000 341.023825 141.993369 513.065240 272.826801 -1.000000 -1.000000 -1.000000 -1.000000 -1.000000 -1.000000 -1.000000 -1.000000 
1 6 Car -1 2 -1.000000 446.731422 179.481561 529.294161 234.080195 -1.000000 -1.000000 -1.000000 -1.000000 -1.000000 -1.000000 -1.000000 -1.000000 
1 7 Van -1 1 -1.000000 484.835868 167.870004 541.609823 217.051441 -1.000000 -1.000000 -1.000000 -1.000000 -1.000000 -1.000000 -1.000000 -1.000000 
1 8 Car -1 0 -1.000000 687.397623 177.978134 740.912734 214.249869 -1.000000 -1.000000 -1.000000 -1.000000 -1.000000 -1.000000 -1.000000 -1.000000 
1 9 Van -1 1 -1.000000 667.328242 165.440869 715.202028 203.437500 -1.000000 -1.000000 -1.000000 -1.000000 -1.000000 -1.000000 -1.000000 -1.000000 
2 1 Car -1 0 -1.000000 556.643592 184.670604 709.265233 328.452190 -1.000000 -1.000000 -1.000000 -1.000000 -1.000000 -1.000000 -1.000000 -1.000000 
2 5 Van -1 1 -1.000000 335.454606 141.120633 511.586996 274.602708 -1.000000 -1.000000 -1.000000 -1.000000 -1.000000 -1.000000 -1.000000 -1.000000 
2 6 Car -1 2 -1.000000 444.636788 179.469960 528.414334 234.768363 -1.000000 -1.000000 -1.000000 -1.000000 -1.000000 -1.000000 -1.000000 -1.000000 
2 7 Van -1 1 -1.000000 483.407573 167.785056 540.825072 217.438055 -1.000000 -1.000000 -1.000000 -1.000000 -1.000000 -1.000000 -1.000000 -1.000000 
2 8 Car -1 0 -1.000000 687.923950 178.091367 742.006271 214.679233 -1.000000 -1.000000 -1.000000 -1.000000 -1.000000 -1.000000 -1.000000 -1.000000 
2 9 Van -1 1 -1.000000 667.573094 165.342944 715.815641 203.591045 -1.000000 -1.000000 -1.000000 -1.000000 -1.000000 -1.000000 -1.000000 -1.000000 
3 1 Car -1 0 -1.000000 556.838124 184.805843 710.565369 329.701208 -1.000000 -1.000000 -1.000000 -1.000000 -1.000000 -1.000000 -1.000000 -1.000000 
3 5 Van -1 1 -1.000000 329.655396 140.211935 510.067404 276.452100 -1.000000 -1.000000 -1.000000 -1.000000 -1.000000 -1.000000 -1.000000 -1.000000 
3 6 Car -1 2 -1.000000 442.487809 179.458057 527.515794 235.474400 -1.000000 -1.000000 -1.000000 -1.000000 -1.000000 -1.000000 -1.000000 -1.000000 
3 7 Van -1 1 -1.000000 481.951626 167.698467 540.027217 217.832160 -1.000000 -1.000000 -1.000000 -1.000000 -1.000000 -1.000000 -1.000000 -1.000000 
3 8 Car -1 0 -1.000000 688.458335 178.206586 743.119001 215.116146 -1.000000 -1.000000 -1.000000 -1.000000 -1.000000 -1.000000 -1.000000 -1.000000 
3 9 Van -1 1 -1.000000 667.820841 165.243716 716.437419 203.746638 -1.000000 -1.000000 -1.000000 -1.000000 -1.000000 -1.000000 -1.000000 -1.000000 
4 1 Car -1 0 -1.000000 557.035506 184.942385 711.884423 330.968528 -1.000000 -1.000000 -1.000000 -1.000000 -1.000000 -1.000000 -1.000000 -1.000000 
4 5 Van -1 1 -1.000000 323.611648 139.265005 508.504703 278.379633 -1.000000 -1.000000 -1.000000 -1.000000 -1.000000 -1.000000 -1.000000 -1.000000 
4 6 Car -1 2 -1.000000 440.282342 179.445842 526.597939 236.199011 -1.000000 -1.000000 -1.000000 -1.000000 -1.000000 -1.000000 -1.000000 -1.000000 
4 7 Van -1 1 -1.000000 480.467216 167.610190 539.215926 218.233975 -1.000000 -1.000000 -1.000000 -1.000000 -1.000000 -1.000000 -1.000000 -1.000000 
4 8 Car -1 0 -1.000000 689.000964 178.323845 744.251437 215.560809 -1.000000 -1.000000 -1.000000 -1.000000 -1.000000 -1.000000 -1.000000 -1.000000 
4 9 Van -1 1 -1.000000 668.071534 165.143159 717.067529 203.904319 -1.000000 -1.000000 -1.000000 -1.000000 -1.000000 -1.000000 -1.000000 -1.000000 
5 1 Car -1 0 -1.000000 557.235801 185.080249 713.222810 332.254557 -1.000000 -1.000000 -1.000000 -1.000000 -1.000000 -1.000000 -1.000000 -1.000000 
5 5 Van -1 1 -1.000000 317.307561 138.277379 506.897033 280.390366 -1.000000 -1.000000 -1.000000 -1.000000 -1.000000 -1.000000 -1.000000 -1.000000 
5 6 Car -1 2 -1.000000 438.018131 179.433303 525.660137 236.942940 -1.000000 -1.000000 -1.000000 -1.000000 -1.000000 -1.000000 -1.000000 -1.000000 
5 7 Van -1 1 -1.000000 478.953499 167.520175 538.390857 218.643730 -1.000000 -1.000000 -1.000000 -1.000000 -1.000000 -1.000000 -1.000000 -1.000000 
5 8 Car -1 0 -1.000000 689.552029 178.443198 745.404105 216.013431 -1.000000 -1.000000 -1.000000 -1.000000 -1.000000 -1.000000 -1.000000 -1.000000 
5 9 Van -1 1 -1.000000 668.325226 165.041247 717.706137 204.064133 -1.000000 -1.000000 -1.000000 -1.000000 -1.000000 -1.000000 -1.000000 -1.000000 
6 1 Car -1 0 -1.000000 556.756193 185.156300 713.859898 333.429113 -1.000000 -1.000000 -1.000000 -1.000000 -1.000000 -1.000000 -1.000000 -1.000000 
6 5 Van -1 1 -1.000000 310.725941 137.246374 505.242423 282.489805 -1.000000 -1.000000 -1.000000 -1.000000 -1.000000 -1.000000 -1.000000 -1.000000 
6 6 Car -1 2 -1.000000 435.692797 179.420424 524.701733 237.706968 -1.000000 -1.000000 -1.000000 -1.000000 -1.000000 -1.000000 -1.000000 -1.000000 
6 7 Van -1 1 -1.000000 477.409600 167.428369 537.551656 219.061661 -1.000000 -1.000000 -1.000000 -1.000000 -1.000000 -1.000000 -1.000000 -1.000000 
6 8 Car -1 0 -1.000000 690.111727 178.564702 746.577554 216.474227 -1.000000 -1.000000 -1.000000 -1.000000 -1.000000 -1.000000 -1.000000 -1.000000 
6 9 Van -1 1 -1.000000 668.581971 164.937951 718.353418 204.226121 -1.000000 -1.000000 -1.000000 -1.000000 -1.000000 -1.000000 -1.000000 -1.000000 
7 1 Car -1 0 -1.000000 556.269647 185.233070 714.506152 334.620706 -1.000000 -1.000000 -1.000000 -1.000000 -1.000000 -1.000000 -1.000000 -1.000000 
7 5 Van -1 1 -1.000000 303.848055 136.169070 503.538791 284.683952 -1.000000 -1.000000 -1.000000 -1.000000 -1.000000 -1.000000 -1.000000 -1.000000 
7 6 Car -1 2 -1.000000 433.303830 179.407194 523.722039 238.491922 -1.000000 -1.000000 -1.000000 -1.000000 -1.000000 -1.000000 -1.000000 -1.000000 
7 7 Van -1 1 -1.000000 475.834606 167.334719 536.697956 219.488016 -1.000000 -1.000000 -1.000000 -1.000000 -1.000000 -1.000000 -1.000000 -1.000000 
7 8 Car -1 0 -1.000000 690.676751 178.343161 747.768008 216.597752 -1.000000 -1.000000 -1.000000 -1.000000 -1.000000 -1.000000 -1.000000 -1.000000 
7 9 Van -1 1 -1.000000 668.841825 164.833243 719.009548 204.390329 -1.000000 -1.000000 -1.000000 -1.000000 -1.000000 -1.000000 -1.000000 -1.000000 
8 1 Car -1 0 -1.000000 555.776012 185.310571 715.161772 335.829708 -1.000000 -1.000000 -1.000000 -1.000000 -1.000000 -1.000000 -1.000000 -1.000000 
8 5 Van -1 1 -1.000000 296.653428 135.042275 501.783921 286.979365 -1.000000 -1.000000 -1.000000 -1.000000 -1.000000 -1.000000 -1.000000 -1.000000 
8 6 Car -1 2 -1.000000 430.963668 179.395131 522.740870 239.243217 -1.000000 -1.000000 -1.000000 -1.000000 -1.000000 -1.000000 -1.000000 -1.000000 
8 7 Van -1 1 -1.000000 474.489262 167.238503 536.008797 219.874953 -1.000000 -1.000000 -1.000000 -1.000000 -1.000000 -1.000000 -1.000000 -1.000000 
8 8 Car -1 0 -1.000000 691.250763 178.117556 748.980305 216.723548 -1.000000 -1.000000 -1.000000 -1.000000 -1.000000 -1.000000 -1.000000 -1.000000 
8 9 Van -1 1 -1.000000 669.104844 164.727095 719.674711 204.556803 -1.000000 -1.000000 -1.000000 -1.000000 -1.000000 -1.000000 -1.000000 -1.000000 
9 1 Car -1 0 -1.000000 555.275132 185.388812 715.826964 337.056505 -1.000000 -1.000000 -1.000000 -1.000000 -1.000000 -1.000000 -1.000000 -1.000000 
9 5 Van -1 1 -1.000000 289.119673 133.862500 499.975469 289.383218 -1.000000 -1.000000 -1.000000 -1.000000 -1.000000 -1.000000 -1.000000 -1.000000 
9 6 Car -1 2 -1.000000 428.562301 179.382752 521.738976 240.014180 -1.000000 -1.000000 -1.000000 -1.000000 -1.000000 -1.000000 -1.000000 -1.000000 
9 7 Van -1 1 -1.000000 473.118760 167.140492 535.308612 220.269131 -1.000000 -1.000000 -1.000000 -1.000000 -1.000000 -1.000000 -1.000000 -1.000000 
9 8 Car -1 0 -1.000000 691.833981 177.887776 750.215052 216.851678 -1.000000 -1.000000 -1.000000 -1.000000 -1.000000 -1.000000 -1.000000 -1.000000 
9 9 Van -1 1 -1.000000 669.371087 164.619476 720.349095 204.725589 -1.000000 -1.000000 -1.000000 -1.000000 -1.000000 -1.000000 -1.000000 -1.000000 
10 1 Car -1 0 -1.000000 554.766845 185.467805 716.501937 338.301491 -1.000000 -1.000000 -1.000000 -1.000000 -1.000000 -1.000000 -1.000000 -1.000000 
10 5 Van -1 1 -1.000000 281.222224 132.625917 498.110942 291.903383 -1.000000 -1.000000 -1.000000 -1.000000 -1.000000 -1.000000 -1.000000 -1.000000 
10 6 Car -1 2 -1.000000 426.097294 179.370046 520.715694 240.805593 -1.000000 -1.000000 -1.000000 -1.000000 -1.000000 -1.000000 -1.000000 -1.000000 
10 7 Van -1 1 -1.000000 471.722387 167.040636 534.597134 220.670757 -1.000000 -1.000000 -1.000000 -1.000000 -1.000000 -1.000000 -1.000000 -1.000000 
10 8 Car -1 0 -1.000000 692.426626 177.653703 751.472878 216.982206 -1.000000 -1.000000 -1.000000 -1.000000 -1.000000 -1.000000 -1.000000 -1.000000 
10 9 Van -1 1 -1.000000 669.640613 164.510355 721.032893 204.896737 -1.000000 -1.000000 -1.000000 -1.000000 -1.000000 -1.000000 -1.000000 -1.000000 
11 1 Car -1 0 -1.000000 554.485842 185.504605 718.117952 340.155451 -1.000000 -1.000000 -1.000000 -1.000000 -1.000000 -1.000000 -1.000000 -1.000000 
11 5 Van -1 1 -1.000000 273.374276 131.577673 496.316443 294.603919 -1.000000 -1.000000 -1.000000 -1.000000 -1.000000 -1.000000 -1.000000 -1.000000 
11 6 Car -1 2 -1.000000 423.566085 179.356999 519.670331 241.618281 -1.000000 -1.000000 -1.000000 -1.000000 -1.000000 -1.000000 -1.000000 -1.000000 
11 7 Van -1 1 -1.000000 470.299405 166.938882 533.874089 221.080042 -1.000000 -1.000000 -1.000000 -1.000000 -1.000000 -1.000000 -1.000000 -1.000000 
11 8 Car -1 0 -1.000000 692.849813 177.588162 752.463006 217.237775 -1.000000 -1.000000 -1.000000 -1.000000 -1.000000 -1.000000 -1.000000 -1.000000 
11 9 Van -1 1 -1.000000 669.854489 164.410908 721.617227 205.053773 -1.000000 -1.000000 -1.000000 -1.000000 -1.000000 -1.000000 -1.000000 -1.000000 
12 1 Car -1 0 -1.000000 554.198167 185.541969 719.772293 342.053545 -1.000000 -1.000000 -1.000000 -1.000000 -1.000000 -1.000000 -1.000000 -1.000000 
12 5 Van -1 1 -1.000000 265.148425 130.479058 494.467352 297.434806 -1.000000 -1.000000 -1.000000 -1.000000 -1.000000 -1.000000 -1.000000 -1.000000 
12 6 Car -1 2 -1.000000 420.965970 179.343598 518.602165 242.453112 -1.000000 -1.000000 -1.000000 -1.000000 -1.000000 -1.000000 -1.000000 -1.000000 
12 7 Van -1 1 -1.000000 468.849045 166.835176 533.139190 221.497207 -1.000000 -1.000000 -1.000000 -1.000000 -1.000000 -1.000000 -1.000000 -1.000000 
12 8 Car -1 0 -1.000000 693.279003 177.521544 753.469414 217.497553 -1.000000 -1.000000 -1.000000 -1.000000 -1.000000 -1.000000 -1.000000 -1.000000 
12 9 Van -1 1 -1.000000 670.070773 164.310192 722.209024 205.212818 -1.000000 -1.000000 -1.000000 -1.000000 -1.000000 -1.000000 -1.000000 -1.000000 
13 1 Car -1 0 -1.000000 553.903579 185.579912 721.466339 343.997369 -1.000000 -1.000000 -1.000000 -1.000000 -1.000000 -1.000000 -1.000000 -1.000000 
13 5 Van -1 1 -1.000000 256.516702 129.326352 492.561139 300.405715 -1.000000 -1.000000 -1.000000 -1.000000 -1.000000 -1.000000 -1.000000 -1.000000 
13 6 Car -1 2 -1.000000 418.257002 179.464365 517.454395 243.413968 -1.000000 -1.000000 -1.000000 -1.000000 -1.000000 -1.000000 -1.000000 -1.000000 
13 7 Van -1 1 -1.000000 467.370509 166.729460 532.392146 221.922484 -1.000000 -1.000000 -1.000000 -1.000000 -1.000000 -1.000000 -1.000000 -1.000000 
13 8 Car -1 0 -1.000000 693.714324 177.453822 754.492509 217.761644 -1.000000 -1.000000 -1.000000 -1.000000 -1.000000 -1.000000 -1.000000 -1.000000 
13 9 Van -1 1 -1.000000 670.289505 164.208181 722.808427 205.373910 -1.000000 -1.000000 -1.000000 -1.000000 -1.000000 -1.000000 -1.000000 -1.000000 
14 1 Car -1 0 -1.000000 553.601826 185.618446 723.201537 345.988593 -1.000000 -1.000000 -1.000000 -1.000000 -1.000000 -1.000000 -1.000000 -1.000000 
14 5 Van -1 0 -1.000000 247.448310 128.115461 490.595117 303.527299 -1.000000 -1.000000 -1.000000 -1.000000 -1.000000 -1.000000 -1.000000 -1.000000 
14 6 Car -1 2 -1.000000 415.475012 179.588386 516.281951 244.400748 -1.000000 -1.000000 -1.000000 -1.000000 -1.000000 -1.000000 -1.000000 -1.000000 
14 7 Van -1 1 -1.000000 465.862968 166.621676 531.632651 222.356111 -1.000000 -1.000000 -1.000000 -1.000000 -1.000000 -1.000000 -1.000000 -1.000000 
14 8 Car -1 0 -1.000000 694.155908 177.384968 755.532708 218.030156 -1.000000 -1.000000 -1.000000 -1.000000 -1.000000 -1.000000 -1.000000 -1.000000 
14 9 Van -1 1 -1.000000 670.510728 164.104852 723.415584 205.537090 -1.000000 -1.000000 -1.000000 -1.000000 -1.000000 -1.000000 -1.000000 -1.000000 
15 1 Car -1 0 -1.000000 553.292643 185.657585 724.979405 348.028975 -1.000000 -1.000000 -1.000000 -1.000000 -1.000000 -1.000000 -1.000000 -1.000000 
15 5 Van -1 0 -1.000000 237.909250 126.841863 488.566426 306.811318 -1.000000 -1.000000 -1.000000 -1.000000 -1.000000 -1.000000 -1.000000 -1.000000 
15 6 Car -1 2 -1.000000 412.617007 179.715794 515.084029 245.414516 -1.000000 -1.000000 -1.000000 -1.000000 -1.000000 -1.000000 -1.000000 -1.000000 
15 7 Van -1 1 -1.000000 464.325560 166.511762 530.860393 222.798335 -1.000000 -1.000000 -1.000000 -1.000000 -1.000000 -1.000000 -1.000000 -1.000000 
15 8 Car -1 0 -1.000000 694.603893 177.314954 756.590445 218.303203 -1.000000 -1.000000 -1.000000 -1.000000 -1.000000 -1.000000 -1.000000 -1.000000 
15 9 Van -1 1 -1.000000 670.734485 164.000178 724.030647 205.702399 -1.000000 -1.000000 -1.000000 -1.000000 -1.000000 -1.000000 -1.000000 -1.000000 
16 1 Car -1 0 -1.000000 552.975753 185.697344 726.801537 350.120358 -1.000000 -1.000000 -1.000000 -1.000000 -1.000000 -1.000000 -1.000000 -1.000000 
16 5 Van -1 0 -1.000000 227.861900 125.500558 486.472020 310.270791 -1.000000 -1.000000 -1.000000 -1.000000 -1.000000 -1.000000 -1.000000 -1.000000 
16 6 Car -1 2 -1.000000 409.771049 179.734819 513.894622 246.314133 -1.000000 -1.000000 -1.000000 -1.000000 -1.000000 -1.000000 -1.000000 -1.000000 
16 7 Van -1 1 -1.000000 462.757390 166.399655 530.075046 223.249416 -1.000000 -1.000000 -1.000000 -1.000000 -1.000000 -1.000000 -1.000000 -1.000000 
16 8 Car -1 1 -1.000000 695.058417 177.243750 757.666166 218.580899 -1.000000 -1.000000 -1.000000 -1.000000 -1.000000 -1.000000 -1.000000 -1.000000 
16 9 Van -1 1 -1.000000 670.960818 163.894133 724.653771 205.869878 -1.000000 -1.000000 -1.000000 -1.000000 -1.000000 -1.000000 -1.000000 -1.000000 
17 1 Car -1 0 -1.000000 552.650862 185.737738 728.669606 352.264675 -1.000000 -1.000000 -1.000000 -1.000000 -1.000000 -1.000000 -1.000000 -1.000000 
17 5 Van -1 0 -1.000000 217.264533 124.086001 484.308656 313.920161 -1.000000 -1.000000 -1.000000 -1.000000 -1.000000 -1.000000 -1.000000 -1.000000 
17 6 Car -1 2 -1.000000 406.847839 179.754361 512.679682 247.238193 -1.000000 -1.000000 -1.000000 -1.000000 -1.000000 -1.000000 -1.000000 -1.000000 
17 7 Van -1 1 -1.000000 461.157522 166.285288 529.276275 223.709622 -1.000000 -1.000000 -1.000000 -1.000000 -1.000000 -1.000000 -1.000000 -1.000000 
17 8 Car -1 1 -1.000000 695.519625 177.171326 758.760334 218.863364 -1.000000 -1.000000 -1.000000 -1.000000 -1.000000 -1.000000 -1.000000 -1.000000 
17 9 Van -1 1 -1.000000 671.189773 163.786690 725.285116 206.039571 -1.000000 -1.000000 -1.000000 -1.000000 -1.000000 -1.000000 -1.000000 -1.000000 
18 1 Car -1 0 -1.000000 552.317665 185.778781 730.585373 354.463966 -1.000000 -1.000000 -1.000000 -1.000000 -1.000000 -1.000000 -1.000000 -1.000000 
18 5 Van -1 0 -1.000000 206.070698 122.592020 482.072868 317.775511 -1.000000 -1.000000 -1.000000 -1.000000 -1.000000 -1.000000 -1.000000 -1.000000 
18 6 Car -1 2 -1.000000 403.844188 179.774440 511.438375 248.187706 -1.000000 -1.000000 -1.000000 -1.000000 -1.000000 -1.000000 -1.000000 -1.000000 
18 7 Van -1 1 -1.000000 459.760085 166.138907 528.575248 224.062053 -1.000000 -1.000000 -1.000000 -1.000000 -1.000000 -1.000000 -1.000000 -1.000000 
18 8 Car -1 1 -1.000000 695.987666 177.097650 759.873428 219.150723 -1.000000 -1.000000 -1.000000 -1.000000 -1.000000 -1.000000 -1.000000 -1.000000 
18 9 Van -1 1 -1.000000 671.421395 163.677820 725.924845 206.211521 -1.000000 -1.000000 -1.000000 -1.000000 -1.000000 -1.000000 -1.000000 -1.000000 
19 1 Car -1 0 -1.000000 551.975838 185.820491 732.550687 356.720370 -1.000000 -1.000000 -1.000000 -1.000000 -1.000000 -1.000000 -1.000000 -1.000000 
19 5 Van -1 0 -1.000000 194.228593 121.011736 479.760960 321.854780 -1.000000 -1.000000 -1.000000 -1.000000 -1.000000 -1.000000 -1.000000 -1.000000 
19 6 Car -1 2 -1.000000 400.756729 179.795079 510.169836 249.163739 -1.000000 -1.000000 -1.000000 -1.000000 -1.000000 -1.000000 -1.000000 -1.000000 
19 7 Van -1 1 -1.000000 458.338152 165.989969 527.863858 224.420667 -1.000000 -1.000000 -1.000000 -1.000000 -1.000000 -1.000000 -1.000000 -1.000000 
19 8 Car -1 1 -1.000000 696.462693 177.022689 761.005942 219.443103 -1.000000 -1.000000 -1.000000 -1.000000 -1.000000 -1.000000 -1.000000 -1.000000 
19 9 Van -1 1 -1.000000 671.655732 163.567496 726.573126 206.385774 -1.000000 -1.000000 -1.000000 -1.000000 -1.000000 -1.000000 -1.000000 -1.000000 
20 1 Car -1 0 -1.000000 551.625042 185.862882 734.567497 359.036142 -1.000000 -1.000000 -1.000000 -1.000000 -1.000000 -1.000000 -1.000000 -1.000000 
20 5 Van -1 0 -1.000000 181.680210 119.337446 477.368976 326.178066 -1.000000 -1.000000 -1.000000 -1.000000 -1.000000 -1.000000 -1.000000 -1.000000 
20 6 Car -1 2 -1.000000 397.581906 179.816301 508.873157 250.167419 -1.000000 -1.000000 -1.000000 -1.000000 -1.000000 -1.000000 -1.000000 -1.000000 
20 7 Van -1 1 -1.000000 456.891076 165.838404 527.141876 224.785628 -1.000000 -1.000000 -1.000000 -1.000000 -1.000000 -1.000000 -1.000000 -1.000000 
20 8 Car -1 1 -1.000000 696.944863 176.946410 762.158391 219.740638 -1.000000 -1.000000 -1.000000 -1.000000 -1.000000 -1.000000 -1.000000 -1.000000 
20 9 Van -1 1 -1.000000 671.892831 163.455688 727.230132 206.562377 -1.000000 -1.000000 -1.000000 -1.000000 -1.000000 -1.000000 -1.000000 -1.000000 
21 1 Car -1 0 -1.000000 551.349276 185.880799 736.581785 361.196055 -1.000000 -1.000000 -1.000000 -1.000000 -1.000000 -1.000000 -1.000000 -1.000000 
21 5 Van -1 0 -1.000000 171.737953 118.229224 475.327230 329.945815 -1.000000 -1.000000 -1.000000 -1.000000 -1.000000 -1.000000 -1.000000 -1.000000 
21 6 Car -1 2 -1.000000 394.315957 179.838133 507.547392 251.199937 -1.000000 -1.000000 -1.000000 -1.000000 -1.000000 -1.000000 -1.000000 -1.000000 
21 7 Van -1 1 -1.000000 455.418183 165.684144 526.409062 225.157105 -1.000000 -1.000000 -1.000000 -1.000000 -1.000000 -1.000000 -1.000000 -1.000000 
21 8 Car -1 1 -1.000000 697.434629 176.805589 763.213402 219.901145 -1.000000 -1.000000 -1.000000 -1.000000 -1.000000 -1.000000 -1.000000 -1.000000 
21 9 Van -1 1 -1.000000 672.134516 163.365835 727.820144 206.702598 -1.000000 -1.000000 -1.000000 -1.000000 -1.000000 -1.000000 -1.000000 -1.000000 
22 1 Car -1 0 -1.000000 551.066889 185.899003 738.647340 363.409558 -1.000000 -1.000000 -1.000000 -1.000000 -1.000000 -1.000000 -1.000000 -1.000000 
22 5 Van -1 0 -1.000000 161.314928 117.068267 473.229850 333.896389 -1.000000 -1.000000 -1.000000 -1.000000 -1.000000 -1.000000 -1.000000 -1.000000 
22 6 Car -1 2 -1.000000 390.954900 179.860599 506.191551 252.262554 -1.000000 -1.000000 -1.000000 -1.000000 -1.000000 -1.000000 -1.000000 -1.000000 
22 7 Van -1 1 -1.000000 453.918776 165.527115 525.665172 225.535276 -1.000000 -1.000000 -1.000000 -1.000000 -1.000000 -1.000000 -1.000000 -1.000000 
22 8 Car -1 1 -1.000000 697.930311 176.662775 764.283351 220.063930 -1.000000 -1.000000 -1.000000 -1.000000 -1.000000 -1.000000 -1.000000 -1.000000 
22 9 Van -1 1 -1.000000 672.378468 163.275019 728.416478 206.844325 -1.000000 -1.000000 -1.000000 -1.000000 -1.000000 -1.000000 -1.000000 -1.000000 
23 1 Car -1 0 -1.000000 550.777632 185.917500 740.766151 365.678672 -1.000000 -1.000000 -1.000000 -1.000000 -1.000000 -1.000000 -1.000000 -1.000000 
23 5 Van -1 0 -1.000000 150.375384 115.850719 471.074532 338.043424 -1.000000 -1.000000 -1.000000 -1.000000 -1.000000 -1.000000 -1.000000 -1.000000 
23 6 Car -1 2 -1.000000 388.130263 179.630063 505.106825 252.947845 -1.000000 -1.000000 -1.000000 -1.000000 -1.000000 -1.000000 -1.000000 -1.000000 
23 7 Van -1 1 -1.000000 452.392132 165.367243 524.909951 225.920323 -1.000000 -1.000000 -1.000000 -1.000000 -1.000000 -1.000000 -1.000000 -1.000000 
23 8 Car -1 1 -1.000000 698.432017 176.517925 765.368559 220.229041 -1.000000 -1.000000 -1.000000 -1.000000 -1.000000 -1.000000 -1.000000 -1.000000 
23 9 Van -1 1 -1.000000 672.624720 163.183226 729.019237 206.987582 -1.000000 -1.000000 -1.000000 -1.000000 -1.000000 -1.000000 -1.000000 -1.000000 
24 1 Car -1 0 -1.000000 550.481245 185.936297 742.940312 368.005518 -1.000000 -1.000000 -1.000000 -1.000000 -1.000000 -1.000000 -1.000000 -1.000000 
24 5 Van -1 0 -1.000000 138.879942 114.572338 468.858847 342.401947 -1.000000 -1.000000 -1.000000 -1.000000 -1.000000 -1.000000 -1.000000 -1.000000 
24 6 Car -1 2 -1.000000 385.233318 179.393629 504.000592 253.650699 -1.000000 -1.000000 -1.000000 -1.000000 -1.000000 -1.000000 -1.000000 -1.000000 
24 7 Van -1 1 -1.000000 450.837504 165.204449 524.143140 226.312434 -1.000000 -1.000000 -1.000000 -1.000000 -1.000000 -1.000000 -1.000000 -1.000000 
24 8 Car -1 1 -1.000000 698.939858 176.370996 766.469353 220.396529 -1.000000 -1.000000 -1.000000 -1.000000 -1.000000 -1.000000 -1.000000 -1.000000 
24 9 Van -1 1 -1.000000 672.873304 163.090438 729.628527 207.132396 -1.000000 -1.000000 -1.000000 -1.000000 -1.000000 -1.000000 -1.000000 -1.000000 
25 1 Car -1 0 -1.000000 550.177454 185.955402 745.172028 370.392328 -1.000000 -1.000000 -1.000000 -1.000000 -1.000000 -1.000000 -1.000000 -1.000000 
25 5 Van -1 0 -1.000000 126.785111 113.228447 466.580226 346.988561 -1.000000 -1.000000 -1.000000 -1.000000 -1.000000 -1.000000 -1.000000 -1.000000 
25 6 Car -1 2 -1.000000 382.261251 179.151070 502.872206 254.371798 -1.000000 -1.000000 -1.000000 -1.000000 -1.000000 -1.000000 -1.000000 -1.000000 
25 7 Van -1 1 -1.000000 449.254112 165.038653 523.364470 226.711806 -1.000000 -1.000000 -1.000000 -1.000000 -1.000000 -1.000000 -1.000000 -1.000000 
25 8 Car -1 1 -1.000000 699.453947 176.221943 767.586072 220.566446 -1.000000 -1.000000 -1.000000 -1.000000 -1.000000 -1.000000 -1.000000 -1.000000 
25 9 Van -1 1 -1.000000 673.124254 162.996641 730.244452 207.278792 -1.000000 -1.000000 -1.000000 -1.000000 -1.000000 -1.000000 -1.000000 -1.000000 
26 1 Car -1 0 -1.000000 549.865968 185.974823 747.463623 372.841453 -1.000000 -1.000000 -1.000000 -1.000000 -1.000000 -1.000000 -1.000000 -1.000000 
26 5 Van -1 0 -1.000000 114.042738 111.813877 464.235952 351.821652 -1.000000 -1.000000 -1.000000 -1.000000 -1.000000 -1.000000 -1.000000 -1.000000 
26 6 Car -1 2 -1.000000 379.211104 178.902145 501.720996 255.111862 -1.000000 -1.000000 -1.000000 -1.000000 -1.000000 -1.000000 -1.000000 -1.000000 
26 7 Van -1 1 -1.000000 447.641154 164.869771 522.573663 227.118643 -1.000000 -1.000000 -1.000000 -1.000000 -1.000000 -1.000000 -1.000000 -1.000000 
26 8 Car -1 1 -1.000000 699.974400 176.070719 768.719065 220.738843 -1.000000 -1.000000 -1.000000 -1.000000 -1.000000 -1.000000 -1.000000 -1.000000 
26 9 Van -1 1 -1.000000 673.377603 162.901816 730.867123 207.426794 -1.000000 -1.000000 -1.000000 -1.000000 -1.000000 -1.000000 -1.000000 -1.000000 
27 1 Car -1 0 -1.000000 549.546486 185.994567 749.817545 375.355362 -1.000000 -1.000000 -1.000000 -1.000000 -1.000000 -1.000000 -1.000000 -1.000000 
27 5 Van -1 0 -1.000000 100.599389 110.322901 461.823151 356.921630 -1.000000 -1.000000 -1.000000 -1.000000 -1.000000 -1.000000 -1.000000 -1.000000 
27 6 Car -1 2 -1.000000 376.079758 178.646598 500.546262 255.871649 -1.000000 -1.000000 -1.000000 -1.000000 -1.000000 -1.000000 -1.000000 -1.000000 
27 7 Van -1 1 -1.000000 445.997791 164.697716 521.770432 227.533156 -1.000000 -1.000000 -1.000000 -1.000000 -1.000000 -1.000000 -1.000000 -1.000000 
27 8 Car -1 1 -1.000000 700.501335 175.917276 769.868689 220.913777 -1.000000 -1.000000 -1.000000 -1.000000 -1.000000 -1.000000 -1.000000 -1.000000 
27 9 Van -1 1 -1.000000 673.633386 162.805948 731.496650 207.576431 -1.000000 -1.000000 -1.000000 -1.000000 -1.000000 -1.000000 -1.000000 -1.000000 
28 1 Car -1 0 -1.000000 549.218687 186.014642 752.236383 377.936663 -1.000000 -1.000000 -1.000000 -1.000000 -1.000000 -1.000000 -1.000000 -1.000000 
28 5 Van -1 0 -1.000000 86.395552 108.749157 459.338776 362.311238 -1.000000 -1.000000 -1.000000 -1.000000 -1.000000 -1.000000 -1.000000 -1.000000 
28 6 Car -1 2 -1.000000 373.772285 178.896172 499.677320 256.868268 -1.000000 -1.000000 -1.000000 -1.000000 -1.000000 -1.000000 -1.000000 -1.000000 
28 7 Van -1 1 -1.000000 444.865941 164.404713 521.374599 227.645668 -1.000000 -1.000000 -1.000000 -1.000000 -1.000000 -1.000000 -1.000000 -1.000000 
28 8 Car -1 1 -1.000000 701.034875 175.761566 771.035315 221.091304 -1.000000 -1.000000 -1.000000 -1.000000 -1.000000 -1.000000 -1.000000 -1.000000 
28 9 Van -1 1 -1.000000 673.891639 162.709020 732.133148 207.727729 -1.000000 -1.000000 -1.000000 -1.000000 -1.000000 -1.000000 -1.000000 -1.000000 
29 1 Car -1 0 -1.000000 548.882233 186.035056 754.722865 380.588101 -1.000000 -1.000000 -1.000000 -1.000000 -1.000000 -1.000000 -1.000000 -1.000000 
29 5 Van -1 0 -1.000000 71.364821 107.085554 456.779601 368.015859 -1.000000 -1.000000 -1.000000 -1.000000 -1.000000 -1.000000 -1.000000 -1.000000 
29 6 Car -1 2 -1.000000 371.419794 179.150609 498.795429 257.884352 -1.000000 -1.000000 -1.000000 -1.000000 -1.000000 -1.000000 -1.000000 -1.000000 
29 7 Van -1 1 -1.000000 443.719504 164.107862 520.974382 227.759630 -1.000000 -1.000000 -1.000000 -1.000000 -1.000000 -1.000000 -1.000000 -1.000000 
29 8 Car -1 1 -1.000000 701.575145 175.603537 772.219320 221.271481 -1.000000 -1.000000 -1.000000 -1.000000 -1.000000 -1.000000 -1.000000 -1.000000 
29 9 Van -1 1 -1.000000 674.152396 162.611012 732.776733 207.880716 -1.000000 -1.000000 -1.000000 -1.000000 -1.000000 -1.000000 -1.000000 -1.000000 
30 1 Car -1 0 -1.000000 548.536768 186.055819 757.279880 383.312577 -1.000000 -1.000000 -1.000000 -1.000000 -1.000000 -1.000000 -1.000000 -1.000000 
30 5 Van -1 0 -1.000000 55.432786 105.324168 454.142197 374.063950 -1.000000 -1.000000 -1.000000 -1.000000 -1.000000 -1.000000 -1.000000 -1.000000 
30 6 Car -1 2 -1.000000 369.020956 179.410051 497.900300 258.920478 -1.000000 -1.000000 -1.000000 -1.000000 -1.000000 -1.000000 -1.000000 -1.000000 
30 7 Van -1 1 -1.000000 442.558196 163.807088 520.569708 227.875071 -1.000000 -1.000000 -1.000000 -1.000000 -1.000000 -1.000000 -1.000000 -1.000000 
30 8 Car -1 1 -1.000000 702.122272 175.443137 773.421098 221.454369 -1.000000 -1.000000 -1.000000 -1.000000 -1.000000 -1.000000 -1.000000 -1.000000 
30 9 Van -1 1 -1.000000 674.415696 162.511908 733.427524 208.035421 -1.000000 -1.000000 -1.000000 -1.000000 -1.000000 -1.000000 -1.000000 -1.000000 
31 1 Car -1 0 -1.000000 547.398014 186.096771 758.913069 386.002182 -1.000000 -1.000000 -1.000000 -1.000000 -1.000000 -1.000000 -1.000000 -1.000000 
31 5 Van -1 0 -1.000000 46.359792 102.928416 453.183216 376.938577 -1.000000 -1.000000 -1.000000 -1.000000 -1.000000 -1.000000 -1.000000 -1.000000 
31 6 Car -1 2 -1.000000 366.574387 179.674649 496.991630 259.977244 -1.000000 -1.000000 -1.000000 -1.000000 -1.000000 -1.000000 -1.000000 -1.000000 
31 7 Van -1 1 -1.000000 441.381726 163.502312 520.160504 227.992020 -1.000000 -1.000000 -1.000000 -1.000000 -1.000000 -1.000000 -1.000000 -1.000000 
31 8 Car -1 1 -1.000000 702.355535 175.342679 773.979384 221.530262 -1.000000 -1.000000 -1.000000 -1.000000 -1.000000 -1.000000 -1.000000 -1.000000 
31 9 Van -1 1 -1.000000 674.636710 162.450380 733.891180 208.129658 -1.000000 -1.000000 -1.000000 -1.000000 -1.000000 -1.000000 -1.000000 -1.000000 
32 1 Car -1 0 -1.000000 546.228684 186.138370 760.590299 388.764212 -1.000000 -1.000000 -1.000000 -1.000000 -1.000000 -1.000000 -1.000000 -1.000000 
32 5 Van -1 0 -1.000000 36.921969 100.438776 452.204967 379.929294 -1.000000 -1.000000 -1.000000 -1.000000 -1.000000 -1.000000 -1.000000 -1.000000 
32 6 Car -1 2 -1.000000 364.078648 179.944556 496.069111 261.055274 -1.000000 -1.000000 -1.000000 -1.000000 -1.000000 -1.000000 -1.000000 -1.000000 
32 7 Van -1 1 -1.000000 440.189794 163.193455 519.746692 228.110507 -1.000000 -1.000000 -1.000000 -1.000000 -1.000000 -1.000000 -1.000000 -1.000000 
32 8 Car -1 1 -1.000000 702.590311 175.241449 774.541961 221.606739 -1.000000 -1.000000 -1.000000 -1.000000 -1.000000 -1.000000 -1.000000 -1.000000 
32 9 Van -1 1 -1.000000 674.859041 162.388430 734.358017 208.224542 -1.000000 -1.000000 -1.000000 -1.000000 -1.000000 -1.000000 -1.000000 -1.000000 
33 1 Car -1 0 -1.000000 545.027529 186.180631 762.313377 391.601631 -1.000000 -1.000000 -1.000000 -1.000000 -1.000000 -1.000000 -1.000000 -1.000000 
33 5 Van -1 0 -1.000000 26.763060 99.376422 450.654079 383.750808 -1.000000 -1.000000 -1.000000 -1.000000 -1.000000 -1.000000 -1.000000 -1.000000 
33 6 Car -1 2 -1.000000 362.159753 180.005815 495.361958 261.741484 -1.000000 -1.000000 -1.000000 -1.000000 -1.000000 -1.000000 -1.000000 -1.000000 
33 7 Van -1 1 -1.000000 439.264618 163.147197 519.259740 228.395902 -1.000000 -1.000000 -1.000000 -1.000000 -1.000000 -1.000000 -1.000000 -1.000000 
33 8 Car -1 2 -1.000000 702.826616 175.139438 775.108880 221.683807 -1.000000 -1.000000 -1.000000 -1.000000 -1.000000 -1.000000 -1.000000 -1.000000 
33 9 Van -1 1 -1.000000 675.082701 162.326054 734.828068 208.320081 -1.000000 -1.000000 -1.000000 -1.000000 -1.000000 -1.000000 -1.000000 -1.000000 
34 1 Car -1 0 -1.000000 543.793233 186.223571 764.084208 394.517569 -1.000000 -1.000000 -1.000000 -1.000000 -1.000000 -1.000000 -1.000000 -1.000000 
34 5 Van -1 0 -1.000000 16.242783 98.276786 449.075938 387.708831 -1.000000 -1.000000 -1.000000 -1.000000 -1.000000 -1.000000 -1.000000 -1.000000 
34 6 Car -1 2 -1.000000 360.211098 180.068022 494.646523 262.438349 -1.000000 -1.000000 -1.000000 -1.000000 -1.000000 -1.000000 -1.000000 -1.000000 
34 7 Van -1 1 -1.000000 438.329937 163.100468 518.768662 228.684235 -1.000000 -1.000000 -1.000000 -1.000000 -1.000000 -1.000000 -1.000000 -1.000000 
34 8 Car -1 2 -1.000000 703.064465 175.036638 775.680190 221.761474 -1.000000 -1.000000 -1.000000 -1.000000 -1.000000 -1.000000 -1.000000 -1.000000 
34 9 Van -1 1 -1.000000 675.307702 162.263247 735.301367 208.416281 -1.000000 -1.000000 -1.000000 -1.000000 -1.000000 -1.000000 -1.000000 -1.000000 
35 1 Car -1 0 -1.000000 542.524404 186.267205 765.904805 397.515330 -1.000000 -1.000000 -1.000000 -1.000000 -1.000000 -1.000000 -1.000000 -1.000000 
35 5 Van -1 0 -1.000000 5.341506 97.137871 447.469823 391.810808 -1.000000 -1.000000 -1.000000 -1.000000 -1.000000 -1.000000 -1.000000 -1.000000 
35 6 Car -1 2 -1.000000 358.306865 180.127800 493.948850 263.118090 -1.000000 -1.000000 -1.000000 -1.000000 -1.000000 -1.000000 -1.000000 -1.000000 
35 7 Van -1 1 -1.000000 437.385603 163.053261 518.273404 228.975550 -1.000000 -1.000000 -1.000000 -1.000000 -1.000000 -1.000000 -1.000000 -1.000000 
35 8 Car -1 2 -1.000000 703.303872 174.933038 776.255944 221.839745 -1.000000 -1.000000 -1.000000 -1.000000 -1.000000 -1.000000 -1.000000 -1.000000 
35 9 Van -1 1 -1.000000 675.534057 162.200006 735.777946 208.513150 -1.000000 -1.000000 -1.000000 -1.000000 -1.000000 -1.000000 -1.000000 -1.000000 
36 1 Car -1 0 -1.000000 541.219572 186.311552 767.777296 400.598409 -1.000000 -1.000000 -1.000000 -1.000000 -1.000000 -1.000000 -1.000000 -1.000000 
36 6 Car -1 2 -1.000000 356.221694 180.195370 493.190218 263.865055 -1.000000 -1.000000 -1.000000 -1.000000 -1.000000 -1.000000 -1.000000 -1.000000 
36 7 Van -1 1 -1.000000 436.431467 163.005569 517.773914 229.269894 -1.000000 -1.000000 -1.000000 -1.000000 -1.000000 -1.000000 -1.000000 -1.000000 
36 8 Car -1 2 -1.000000 703.544853 174.828630 776.836192 221.918629 -1.000000 -1.000000 -1.000000 -1.000000 -1.000000 -1.000000 -1.000000 -1.000000 
36 9 Van -1 1 -1.000000 675.761777 162.136324 736.257841 208.610693 -1.000000 -1.000000 -1.000000 -1.000000 -1.000000 -1.000000 -1.000000 -1.000000 
37 1 Car -1 0 -1.000000 539.877184 186.356627 769.703932 403.770497 -1.000000 -1.000000 -1.000000 -1.000000 -1.000000 -1.000000 -1.000000 -1.000000 
37 6 Car -1 2 -1.000000 354.179482 180.260557 492.449044 264.595420 -1.000000 -1.000000 -1.000000 -1.000000 -1.000000 -1.000000 -1.000000 -1.000000 
37 7 Van -1 1 -1.000000 435.467374 162.957383 517.270137 229.567315 -1.000000 -1.000000 -1.000000 -1.000000 -1.000000 -1.000000 -1.000000 -1.000000 
37 8 Car -1 2 -1.000000 703.787423 174.723405 777.420988 221.998132 -1.000000 -1.000000 -1.000000 -1.000000 -1.000000 -1.000000 -1.000000 -1.000000 
37 9 Van -1 1 -1.000000 675.990875 162.072199 736.741086 208.708918 -1.000000 -1.000000 -1.000000 -1.000000 -1.000000 -1.000000 -1.000000 -1.000000 
38 1 Car -1 0 -1.000000 538.495594 186.402450 771.687096 407.035510 -1.000000 -1.000000 -1.000000 -1.000000 -1.000000 -1.000000 -1.000000 -1.000000 
38 6 Car -1 2 -1.000000 352.417122 180.154039 491.806349 265.061159 -1.000000 -1.000000 -1.000000 -1.000000 -1.000000 -1.000000 -1.000000 -1.000000 
38 7 Van -1 1 -1.000000 434.493167 162.908698 516.762018 229.867862 -1.000000 -1.000000 -1.000000 -1.000000 -1.000000 -1.000000 -1.000000 -1.000000 
38 8 Car -1 2 -1.000000 704.031599 174.617352 778.010386 222.078261 -1.000000 -1.000000 -1.000000 -1.000000 -1.000000 -1.000000 -1.000000 -1.000000 
38 9 Van -1 1 -1.000000 676.221363 162.007624 737.227716 208.807833 -1.000000 -1.000000 -1.000000 -1.000000 -1.000000 -1.000000 -1.000000 -1.000000 
39 1 Car -1 0 -1.000000 537.073059 186.449040 773.729311 410.397588 -1.000000 -1.000000 -1.000000 -1.000000 -1.000000 -1.000000 -1.000000 -1.000000 
39 6 Car -1 2 -1.000000 350.630707 180.046070 491.157093 265.533263 -1.000000 -1.000000 -1.000000 -1.000000 -1.000000 -1.000000 -1.000000 -1.000000 
39 7 Van -1 1 -1.000000 433.508687 162.859503 516.249499 230.171583 -1.000000 -1.000000 -1.000000 -1.000000 -1.000000 -1.000000 -1.000000 -1.000000 
39 8 Car -1 2 -1.000000 704.277396 174.510462 778.604439 222.159025 -1.000000 -1.000000 -1.000000 -1.000000 -1.000000 -1.000000 -1.000000 -1.000000 
39 9 Van -1 1 -1.000000 676.453254 161.942596 737.717766 208.907444 -1.000000 -1.000000 -1.000000 -1.000000 -1.000000 -1.000000 -1.000000 -1.000000 
40 1 Car -1 0 -1.000000 535.607732 186.496415 775.833259 413.861128 -1.000000 -1.000000 -1.000000 -1.000000 -1.000000 -1.000000 -1.000000 -1.000000 
40 6 Car -1 2 -1.000000 348.819742 179.936622 490.501174 266.011862 -1.000000 -1.000000 -1.000000 -1.000000 -1.000000 -1.000000 -1.000000 -1.000000 
40 7 Van -1 1 -1.000000 432.513769 162.809792 515.732525 230.478529 -1.000000 -1.000000 -1.000000 -1.000000 -1.000000 -1.000000 -1.000000 -1.000000 
40 8 Car -1 2 -1.000000 704.524831 174.402724 779.203205 222.240431 -1.000000 -1.000000 -1.000000 -1.000000 -1.000000 -1.000000 -1.000000 -1.000000 
40 9 Van -1 1 -1.000000 676.686562 161.877109 738.211274 209.007759 -1.000000 -1.000000 -1.000000 -1.000000 -1.000000 -1.000000 -1.000000 -1.000000 
41 1 Car -1 0 -1.000000 533.984744 186.933678 779.051292 419.229335 -1.000000 -1.000000 -1.000000 -1.000000 -1.000000 -1.000000 -1.000000 -1.000000 
41 6 Car -1 2 -1.000000 346.983719 179.825663 489.838491 266.497093 -1.000000 -1.000000 -1.000000 -1.000000 -1.000000 -1.000000 -1.000000 -1.000000 
41 7 Van -1 1 -1.000000 431.738621 162.768339 515.464777 230.691952 -1.000000 -1.000000 -1.000000 -1.000000 -1.000000 -1.000000 -1.000000 -1.000000 
41 8 Car -1 2 -1.000000 704.554972 174.384596 779.380213 222.307828 -1.000000 -1.000000 -1.000000 -1.000000 -1.000000 -1.000000 -1.000000 -1.000000 
41 9 Van -1 1 -1.000000 676.759800 161.840399 738.426131 209.065832 -1.000000 -1.000000 -1.000000 -1.000000 -1.000000 -1.000000 -1.000000 -1.000000 
42 1 Car -1 0 -1.000000 532.295243 187.380815 782.401938 424.818271 -1.000000 -1.000000 -1.000000 -1.000000 -1.000000 -1.000000 -1.000000 -1.000000 
42 6 Car -1 2 -1.000000 345.122112 179.713162 489.168938 266.989094 -1.000000 -1.000000 -1.000000 -1.000000 -1.000000 -1.000000 -1.000000 -1.000000 
42 7 Van -1 1 -1.000000 430.957695 162.726569 515.195306 230.906975 -1.000000 -1.000000 -1.000000 -1.000000 -1.000000 -1.000000 -1.000000 -1.000000 
42 8 Car -1 2 -1.000000 704.585203 174.366402 779.557853 222.375466 -1.000000 -1.000000 -1.000000 -1.000000 -1.000000 -1.000000 -1.000000 -1.000000 
42 9 Van -1 1 -1.000000 676.833293 161.803540 738.641852 209.124139 -1.000000 -1.000000 -1.000000 -1.000000 -1.000000 -1.000000 -1.000000 -1.000000 
43 1 Car -1 0 -1.000000 530.535055 187.838162 785.893566 430.641836 -1.000000 -1.000000 -1.000000 -1.000000 -1.000000 -1.000000 -1.000000 -1.000000 
43 6 Car -1 2 -1.000000 343.564013 180.097654 488.630436 267.883602 -1.000000 -1.000000 -1.000000 -1.000000 -1.000000 -1.000000 -1.000000 -1.000000 
43 7 Van -1 1 -1.000000 430.170926 162.684480 514.924095 231.123615 -1.000000 -1.000000 -1.000000 -1.000000 -1.000000 -1.000000 -1.000000 -1.000000 
43 8 Car -1 2 -1.000000 704.615526 174.348144 779.736129 222.443347 -1.000000 -1.000000 -1.000000 -1.000000 -1.000000 -1.000000 -1.000000 -1.000000 
43 9 Van -1 1 -1.000000 676.907044 161.766534 738.858444 209.182682 -1.000000 -1.000000 -1.000000 -1.000000 -1.000000 -1.000000 -1.000000 -1.000000 
44 1 Car -1 0 -1.000000 528.699649 188.306075 789.535266 436.715120 -1.000000 -1.000000 -1.000000 -1.000000 -1.000000 -1.000000 -1.000000 -1.000000 
44 6 Car -1 2 -1.000000 341.987636 180.461219 488.087238 268.788617 -1.000000 -1.000000 -1.000000 -1.000000 -1.000000 -1.000000 -1.000000 -1.000000 
44 7 Van -1 1 -1.000000 429.378248 162.642068 514.651129 231.341891 -1.000000 -1.000000 -1.000000 -1.000000 -1.000000 -1.000000 -1.000000 -1.000000 
44 8 Car -1 2 -1.000000 704.645941 174.329820 779.915044 222.511472 -1.000000 -1.000000 -1.000000 -1.000000 -1.000000 -1.000000 -1.000000 -1.000000 
44 9 Van -1 1 -1.000000 676.981052 161.729377 739.075910 209.241461 -1.000000 -1.000000 -1.000000 -1.000000 -1.000000 -1.000000 -1.000000 -1.000000 
45 1 Car -1 0 -1.000000 526.784099 188.784923 793.336925 443.054538 -1.000000 -1.000000 -1.000000 -1.000000 -1.000000 -1.000000 -1.000000 -1.000000 
45 6 Car -1 2 -1.000000 340.392657 180.753110 487.539282 269.704325 -1.000000 -1.000000 -1.000000 -1.000000 -1.000000 -1.000000 -1.000000 -1.000000 
45 7 Van -1 1 -1.000000 428.579595 162.599328 514.376389 231.561822 -1.000000 -1.000000 -1.000000 -1.000000 -1.000000 -1.000000 -1.000000 -1.000000 
45 8 Car -1 2 -1.000000 704.676447 174.311431 780.094601 222.579843 -1.000000 -1.000000 -1.000000 -1.000000 -1.000000 -1.000000 -1.000000 -1.000000 
45 9 Van -1 1 -1.000000 677.055319 161.692071 739.294257 209.300480 -1.000000 -1.000000 -1.000000 -1.000000 -1.000000 -1.000000 -1.000000 -1.000000 
46 1 Car -1 0 -1.000000 525.848501 188.791463 794.913000 445.464414 -1.000000 -1.000000 -1.000000 -1.000000 -1.000000 -1.000000 -1.000000 -1.000000 
46 6 Car -1 2 -1.000000 338.778745 181.047566 486.986506 270.630917 -1.000000 -1.000000 -1.000000 -1.000000 -1.000000 -1.000000 -1.000000 -1.000000 
46 7 Van -1 1 -1.000000 427.774898 162.556257 514.099860 231.783426 -1.000000 -1.000000 -1.000000 -1.000000 -1.000000 -1.000000 -1.000000 -1.000000 
46 8 Car -1 2 -1.000000 704.707045 174.292975 780.274805 222.648460 -1.000000 -1.000000 -1.000000 -1.000000 -1.000000 -1.000000 -1.000000 -1.000000 
46 9 Van -1 1 -1.000000 677.129847 161.654613 739.513490 209.359738 -1.000000 -1.000000 -1.000000 -1.000000 -1.000000 -1.000000 -1.000000 -1.000000 
47 1 Car -1 0 -1.000000 524.895153 188.798068 796.519113 447.920174 -1.000000 -1.000000 -1.000000 -1.000000 -1.000000 -1.000000 -1.000000 -1.000000 
47 6 Car -1 2 -1.000000 337.145560 181.344621 486.428846 271.568588 -1.000000 -1.000000 -1.000000 -1.000000 -1.000000 -1.000000 -1.000000 -1.000000 
47 7 Van -1 1 -1.000000 426.964087 162.512852 513.821523 232.006723 -1.000000 -1.000000 -1.000000 -1.000000 -1.000000 -1.000000 -1.000000 -1.000000 
47 8 Car -1 2 -1.000000 704.737736 174.274453 780.455658 222.717326 -1.000000 -1.000000 -1.000000 -1.000000 -1.000000 -1.000000 -1.000000 -1.000000 
47 9 Van -1 1 -1.000000 677.204637 161.617003 739.733614 209.419239 -1.000000 -1.000000 -1.000000 -1.000000 -1.000000 -1.000000 -1.000000 -1.000000 
48 1 Car -1 0 -1.000000 523.923547 188.804740 798.156132 450.423140 -1.000000 -1.000000 -1.000000 -1.000000 -1.000000 -1.000000 -1.000000 -1.000000 
48 6 Car -1 2 -1.000000 336.334799 180.880371 486.143845 271.200083 -1.000000 -1.000000 -1.000000 -1.000000 -1.000000 -1.000000 -1.000000 -1.000000 
48 7 Van -1 1 -1.000000 426.644834 162.606001 513.468651 232.265863 -1.000000 -1.000000 -1.000000 -1.000000 -1.000000 -1.000000 -1.000000 -1.000000 
48 8 Car -1 2 -1.000000 704.768520 174.255864 780.637164 222.786441 -1.000000 -1.000000 -1.000000 -1.000000 -1.000000 -1.000000 -1.000000 -1.000000 
48 9 Van -1 1 -1.000000 677.279691 161.579240 739.954635 209.478982 -1.000000 -1.000000 -1.000000 -1.000000 -1.000000 -1.000000 -1.000000 -1.000000 
49 1 Car -1 0 -1.000000 522.933152 188.811480 799.824958 452.974685 -1.000000 -1.000000 -1.000000 -1.000000 -1.000000 -1.000000 -1.000000 -1.000000 
49 6 Car -1 2 -1.000000 335.519348 180.414140 485.857626 270.829443 -1.000000 -1.000000 -1.000000 -1.000000 -1.000000 -1.000000 -1.000000 -1.000000 
49 7 Van -1 1 -1.000000 426.324267 162.699577 513.114316 232.526241 -1.000000 -1.000000 -1.000000 -1.000000 -1.000000 -1.000000 -1.000000 -1.000000 
49 8 Car -1 2 -1.000000 704.799398 174.237208 780.819327 222.855807 -1.000000 -1.000000 -1.000000 -1.000000 -1.000000 -1.000000 -1.000000 -1.000000 
49 9 Van -1 2 -1.000000 677.355009 161.541322 740.176559 209.538969 -1.000000 -1.000000 -1.000000 -1.000000 -1.000000 -1.000000 -1.000000 -1.000000 
50 1 Car -1 0 -1.000000 521.923419 188.818288 801.526525 455.576239 -1.000000 -1.000000 -1.000000 -1.000000 -1.000000 -1.000000 -1.000000 -1.000000 
50 6 Car -1 2 -1.000000 334.699167 179.788593 485.570181 270.456650 -1.000000 -1.000000 -1.000000 -1.000000 -1.000000 -1.000000 -1.000000 -1.000000 
50 7 Van -1 1 -1.000000 426.002374 162.793584 512.758509 232.787866 -1.000000 -1.000000 -1.000000 -1.000000 -1.000000 -1.000000 -1.000000 -1.000000 
50 8 Car -1 2 -1.000000 704.830370 174.218484 781.002150 222.925425 -1.000000 -1.000000 -1.000000 -1.000000 -1.000000 -1.000000 -1.000000 -1.000000 
50 9 Van -1 2 -1.000000 677.430594 161.503250 740.399390 209.599203 -1.000000 -1.000000 -1.000000 -1.000000 -1.000000 -1.000000 -1.000000 -1.000000 
51 1 Car -1 0 -1.000000 521.761274 188.960610 802.252247 456.643068 -1.000000 -1.000000 -1.000000 -1.000000 -1.000000 -1.000000 -1.000000 -1.000000 
51 6 Car -1 2 -1.000000 333.874214 179.150283 485.281504 270.081686 -1.000000 -1.000000 -1.000000 -1.000000 -1.000000 -1.000000 -1.000000 -1.000000 
51 7 Van -1 1 -1.000000 425.679148 162.888023 512.401224 233.050746 -1.000000 -1.000000 -1.000000 -1.000000 -1.000000 -1.000000 -1.000000 -1.000000 
51 8 Car -1 2 -1.000000 704.957466 174.225853 781.198983 222.961451 -1.000000 -1.000000 -1.000000 -1.000000 -1.000000 -1.000000 -1.000000 -1.000000 
51 9 Van -1 2 -1.000000 677.418072 161.503543 740.384439 209.599126 -1.000000 -1.000000 -1.000000 -1.000000 -1.000000 -1.000000 -1.000000 -1.000000 
52 1 Car -1 0 -1.000000 521.598284 189.103420 802.982606 457.716159 -1.000000 -1.000000 -1.000000 -1.000000 -1.000000 -1.000000 -1.000000 -1.000000 
52 6 Car -1 2 -1.000000 333.044447 178.508251 484.991586 269.704531 -1.000000 -1.000000 -1.000000 -1.000000 -1.000000 -1.000000 -1.000000 -1.000000 
52 7 Van -1 1 -1.000000 425.354576 162.982899 512.042451 233.314891 -1.000000 -1.000000 -1.000000 -1.000000 -1.000000 -1.000000 -1.000000 -1.000000 
52 8 Car -1 2 -1.000000 705.084688 174.233231 781.396047 222.997519 -1.000000 -1.000000 -1.000000 -1.000000 -1.000000 -1.000000 -1.000000 -1.000000 
52 9 Van -1 2 -1.000000 677.405550 161.503836 740.369488 209.599049 -1.000000 -1.000000 -1.000000 -1.000000 -1.000000 -1.000000 -1.000000 -1.000000 
53 1 Car -1 0 -1.000000 521.434442 189.246722 803.717650 458.795568 -1.000000 -1.000000 -1.000000 -1.000000 -1.000000 -1.000000 -1.000000 -1.000000 
53 6 Car -1 2 -1.000000 332.961851 178.505667 484.944184 269.716000 -1.000000 -1.000000 -1.000000 -1.000000 -1.000000 -1.000000 -1.000000 -1.000000 
53 7 Van -1 1 -1.000000 425.366877 163.064748 512.116133 233.386541 -1.000000 -1.000000 -1.000000 -1.000000 -1.000000 -1.000000 -1.000000 -1.000000 
53 8 Car -1 2 -1.000000 705.212035 174.240618 781.593343 223.033629 -1.000000 -1.000000 -1.000000 -1.000000 -1.000000 -1.000000 -1.000000 -1.000000 
53 9 Van -1 2 -1.000000 677.393029 161.504129 740.354538 209.598972 -1.000000 -1.000000 -1.000000 -1.000000 -1.000000 -1.000000 -1.000000 -1.000000 
54 1 Car -1 0 -1.000000 521.269741 189.390518 804.457422 459.881351 -1.000000 -1.000000 -1.000000 -1.000000 -1.000000 -1.000000 -1.000000 -1.000000 
54 6 Car -1 2 -1.000000 332.879229 178.503082 484.896772 269.727472 -1.000000 -1.000000 -1.000000 -1.000000 -1.000000 -1.000000 -1.000000 -1.000000 
54 7 Van -1 1 -1.000000 425.379192 163.146581 512.189788 233.458166 -1.000000 -1.000000 -1.000000 -1.000000 -1.000000 -1.000000 -1.000000 -1.000000 
54 8 Car -1 2 -1.000000 705.339507 174.248013 781.790872 223.069782 -1.000000 -1.000000 -1.000000 -1.000000 -1.000000 -1.000000 -1.000000 -1.000000 
54 9 Van -1 2 -1.000000 677.380507 161.504422 740.339588 209.598895 -1.000000 -1.000000 -1.000000 -1.000000 -1.000000 -1.000000 -1.000000 -1.000000 
55 1 Car -1 0 -1.000000 521.832889 189.487268 804.846722 459.845485 -1.000000 -1.000000 -1.000000 -1.000000 -1.000000 -1.000000 -1.000000 -1.000000 
55 6 Car -1 2 -1.000000 332.796582 178.500496 484.849350 269.738948 -1.000000 -1.000000 -1.000000 -1.000000 -1.000000 -1.000000 -1.000000 -1.000000 
55 7 Van -1 1 -1.000000 425.391523 163.228398 512.263418 233.529765 -1.000000 -1.000000 -1.000000 -1.000000 -1.000000 -1.000000 -1.000000 -1.000000 
55 8 Car -1 2 -1.000000 705.467105 174.255417 781.988633 223.105977 -1.000000 -1.000000 -1.000000 -1.000000 -1.000000 -1.000000 -1.000000 -1.000000 
55 9 Van -1 2 -1.000000 677.367986 161.504715 740.324638 209.598818 -1.000000 -1.000000 -1.000000 -1.000000 -1.000000 -1.000000 -1.000000 -1.000000 
56 1 Car -1 0 -1.000000 522.395221 189.583968 805.235469 459.809596 -1.000000 -1.000000 -1.000000 -1.000000 -1.000000 -1.000000 -1.000000 -1.000000 
56 6 Car -1 2 -1.000000 332.713909 178.497910 484.801916 269.750427 -1.000000 -1.000000 -1.000000 -1.000000 -1.000000 -1.000000 -1.000000 -1.000000 
56 7 Van -1 1 -1.000000 425.403869 163.310198 512.337022 233.601339 -1.000000 -1.000000 -1.000000 -1.000000 -1.000000 -1.000000 -1.000000 -1.000000 
56 8 Car -1 2 -1.000000 705.594828 174.262830 782.186627 223.142215 -1.000000 -1.000000 -1.000000 -1.000000 -1.000000 -1.000000 -1.000000 -1.000000 
56 9 Van -1 2 -1.000000 677.355465 161.505008 740.309688 209.598741 -1.000000 -1.000000 -1.000000 -1.000000 -1.000000 -1.000000 -1.000000 -1.000000 
57 1 Car -1 0 -1.000000 522.956740 189.680619 805.623663 459.773683 -1.000000 -1.000000 -1.000000 -1.000000 -1.000000 -1.000000 -1.000000 -1.000000 
57 6 Car -1 2 -1.000000 332.631211 178.495322 484.754473 269.761911 -1.000000 -1.000000 -1.000000 -1.000000 -1.000000 -1.000000 -1.000000 -1.000000 
57 7 Van -1 1 -1.000000 425.416231 163.391981 512.410600 233.672887 -1.000000 -1.000000 -1.000000 -1.000000 -1.000000 -1.000000 -1.000000 -1.000000 
57 8 Car -1 2 -1.000000 705.722678 174.270251 782.384855 223.178496 -1.000000 -1.000000 -1.000000 -1.000000 -1.000000 -1.000000 -1.000000 -1.000000 
57 9 Van -1 2 -1.000000 677.342944 161.505301 740.294739 209.598664 -1.000000 -1.000000 -1.000000 -1.000000 -1.000000 -1.000000 -1.000000 -1.000000 
58 1 Car -1 0 -1.000000 523.517448 189.777220 806.011306 459.737748 -1.000000 -1.000000 -1.000000 -1.000000 -1.000000 -1.000000 -1.000000 -1.000000 
58 6 Car -1 2 -1.000000 332.550629 178.801253 484.709098 270.082698 -1.000000 -1.000000 -1.000000 -1.000000 -1.000000 -1.000000 -1.000000 -1.000000 
58 7 Van -1 1 -1.000000 425.409649 163.375034 512.406426 233.653671 -1.000000 -1.000000 -1.000000 -1.000000 -1.000000 -1.000000 -1.000000 -1.000000 
58 8 Car -1 2 -1.000000 705.850653 174.277681 782.583317 223.214820 -1.000000 -1.000000 -1.000000 -1.000000 -1.000000 -1.000000 -1.000000 -1.000000 
58 9 Van -1 2 -1.000000 677.330424 161.505594 740.279790 209.598586 -1.000000 -1.000000 -1.000000 -1.000000 -1.000000 -1.000000 -1.000000 -1.000000 
59 1 Car -1 0 -1.000000 524.077345 189.873772 806.398397 459.701789 -1.000000 -1.000000 -1.000000 -1.000000 -1.000000 -1.000000 -1.000000 -1.000000 
59 6 Car -1 2 -1.000000 332.470020 179.107280 484.663713 270.403587 -1.000000 -1.000000 -1.000000 -1.000000 -1.000000 -1.000000 -1.000000 -1.000000 
59 7 Van -1 1 -1.000000 425.403067 163.358087 512.402252 233.634456 -1.000000 -1.000000 -1.000000 -1.000000 -1.000000 -1.000000 -1.000000 -1.000000 
59 8 Car -1 2 -1.000000 705.978755 174.285120 782.782014 223.251187 -1.000000 -1.000000 -1.000000 -1.000000 -1.000000 -1.000000 -1.000000 -1.000000 
59 9 Van -1 2 -1.000000 677.317903 161.505887 740.264841 209.598509 -1.000000 -1.000000 -1.000000 -1.000000 -1.000000 -1.000000 -1.000000 -1.000000 
60 1 Car -1 0 -1.000000 524.636435 189.970275 806.784939 459.665808 -1.000000 -1.000000 -1.000000 -1.000000 -1.000000 -1.000000 -1.000000 -1.000000 
60 6 Car -1 2 -1.000000 332.389387 179.413401 484.618318 270.724578 -1.000000 -1.000000 -1.000000 -1.000000 -1.000000 -1.000000 -1.000000 -1.000000 
60 7 Van -1 1 -1.000000 425.396486 163.341142 512.398078 233.615243 -1.000000 -1.000000 -1.000000 -1.000000 -1.000000 -1.000000 -1.000000 -1.000000 
60 8 Car -1 2 -1.000000 706.106983 174.292568 782.980945 223.287597 -1.000000 -1.000000 -1.000000 -1.000000 -1.000000 -1.000000 -1.000000 -1.000000 
60 9 Van -1 2 -1.000000 677.305383 161.506180 740.249892 209.598432 -1.000000 -1.000000 -1.000000 -1.000000 -1.000000 -1.000000 -1.000000 -1.000000 
61 1 Car -1 0 -1.000000 524.332781 189.892209 806.686014 459.714124 -1.000000 -1.000000 -1.000000 -1.000000 -1.000000 -1.000000 -1.000000 -1.000000 
61 6 Car -1 2 -1.000000 332.308727 179.719618 484.572912 271.045671 -1.000000 -1.000000 -1.000000 -1.000000 -1.000000 -1.000000 -1.000000 -1.000000 
61 7 Van -1 1 -1.000000 425.389906 163.324198 512.393905 233.596031 -1.000000 -1.000000 -1.000000 -1.000000 -1.000000 -1.000000 -1.000000 -1.000000 
61 8 Car -1 2 -1.000000 706.236464 174.236042 783.253646 223.305052 -1.000000 -1.000000 -1.000000 -1.000000 -1.000000 -1.000000 -1.000000 -1.000000 
61 9 Van -1 2 -1.000000 677.278639 161.504220 740.228085 209.602517 -1.000000 -1.000000 -1.000000 -1.000000 -1.000000 -1.000000 -1.000000 -1.000000 
62 1 Car -1 0 -1.000000 524.028681 189.814084 806.586944 459.762511 -1.000000 -1.000000 -1.000000 -1.000000 -1.000000 -1.000000 -1.000000 -1.000000 
62 6 Car -1 2 -1.000000 332.228042 180.025930 484.527495 271.366866 -1.000000 -1.000000 -1.000000 -1.000000 -1.000000 -1.000000 -1.000000 -1.000000 
62 7 Van -1 1 -1.000000 425.383326 163.307255 512.389732 233.576820 -1.000000 -1.000000 -1.000000 -1.000000 -1.000000 -1.000000 -1.000000 -1.000000 
62 8 Car -1 2 -1.000000 706.366271 174.179346 783.527171 223.322559 -1.000000 -1.000000 -1.000000 -1.000000 -1.000000 -1.000000 -1.000000 -1.000000 
62 9 Van -1 2 -1.000000 677.251890 161.502260 740.206273 209.606603 -1.000000 -1.000000 -1.000000 -1.000000 -1.000000 -1.000000 -1.000000 -1.000000 
63 1 Car -1 0 -1.000000 523.724136 189.735900 806.487728 459.810968 -1.000000 -1.000000 -1.000000 -1.000000 -1.000000 -1.000000 -1.000000 -1.000000 
63 6 Car -1 2 -1.000000 332.176652 179.482765 484.564768 270.887320 -1.000000 -1.000000 -1.000000 -1.000000 -1.000000 -1.000000 -1.000000 -1.000000 
63 7 Van -1 1 -1.000000 425.376746 163.290312 512.385559 233.557610 -1.000000 -1.000000 -1.000000 -1.000000 -1.000000 -1.000000 -1.000000 -1.000000 
63 8 Car -1 2 -1.000000 706.496407 174.122477 783.801525 223.340120 -1.000000 -1.000000 -1.000000 -1.000000 -1.000000 -1.000000 -1.000000 -1.000000 
63 9 Van -1 2 -1.000000 677.225135 161.500300 740.184455 209.610690 -1.000000 -1.000000 -1.000000 -1.000000 -1.000000 -1.000000 -1.000000 -1.000000 
64 1 Car -1 0 -1.000000 523.419144 189.657656 806.388365 459.859498 -1.000000 -1.000000 -1.000000 -1.000000 -1.000000 -1.000000 -1.000000 -1.000000 
64 6 Car -1 2 -1.000000 332.125189 178.938839 484.602079 270.407098 -1.000000 -1.000000 -1.000000 -1.000000 -1.000000 -1.000000 -1.000000 -1.000000 
64 7 Van -1 1 -1.000000 425.370167 163.273371 512.381386 233.538402 -1.000000 -1.000000 -1.000000 -1.000000 -1.000000 -1.000000 -1.000000 -1.000000 
64 8 Car -1 2 -1.000000 706.626873 174.065437 784.076711 223.357734 -1.000000 -1.000000 -1.000000 -1.000000 -1.000000 -1.000000 -1.000000 -1.000000 
64 9 Van -1 2 -1.000000 677.198374 161.498339 740.162632 209.614778 -1.000000 -1.000000 -1.000000 -1.000000 -1.000000 -1.000000 -1.000000 -1.000000 
65 1 Car -1 0 -1.000000 523.113704 189.579352 806.288856 459.908098 -1.000000 -1.000000 -1.000000 -1.000000 -1.000000 -1.000000 -1.000000 -1.000000 
65 6 Car -1 2 -1.000000 332.073654 178.394150 484.639429 269.926199 -1.000000 -1.000000 -1.000000 -1.000000 -1.000000 -1.000000 -1.000000 -1.000000 
65 7 Van -1 1 -1.000000 425.363588 163.256431 512.377213 233.519195 -1.000000 -1.000000 -1.000000 -1.000000 -1.000000 -1.000000 -1.000000 -1.000000 
65 8 Car -1 2 -1.000000 706.757669 174.008223 784.352733 223.375402 -1.000000 -1.000000 -1.000000 -1.000000 -1.000000 -1.000000 -1.000000 -1.000000 
65 9 Van -1 2 -1.000000 677.171607 161.496377 740.140804 209.618867 -1.000000 -1.000000 -1.000000 -1.000000 -1.000000 -1.000000 -1.000000 -1.000000 
66 1 Car -1 0 -1.000000 522.807815 189.500989 806.189201 459.956771 -1.000000 -1.000000 -1.000000 -1.000000 -1.000000 -1.000000 -1.000000 -1.000000 
66 6 Car -1 2 -1.000000 332.022046 177.848698 484.676817 269.444623 -1.000000 -1.000000 -1.000000 -1.000000 -1.000000 -1.000000 -1.000000 -1.000000 
66 7 Van -1 1 -1.000000 425.357010 163.239491 512.373041 233.499989 -1.000000 -1.000000 -1.000000 -1.000000 -1.000000 -1.000000 -1.000000 -1.000000 
66 8 Car -1 2 -1.000000 706.888798 173.950835 784.629594 223.393124 -1.000000 -1.000000 -1.000000 -1.000000 -1.000000 -1.000000 -1.000000 -1.000000 
66 9 Van -1 2 -1.000000 677.144834 161.494415 740.118970 209.622958 -1.000000 -1.000000 -1.000000 -1.000000 -1.000000 -1.000000 -1.000000 -1.000000 
67 1 Car -1 0 -1.000000 522.501476 189.422566 806.089398 460.005515 -1.000000 -1.000000 -1.000000 -1.000000 -1.000000 -1.000000 -1.000000 -1.000000 
67 6 Car -1 2 -1.000000 331.970366 177.302480 484.714244 268.962366 -1.000000 -1.000000 -1.000000 -1.000000 -1.000000 -1.000000 -1.000000 -1.000000 
67 7 Van -1 1 -1.000000 425.350432 163.222553 512.368868 233.480784 -1.000000 -1.000000 -1.000000 -1.000000 -1.000000 -1.000000 -1.000000 -1.000000 
67 8 Car -1 2 -1.000000 707.020260 173.893273 784.907299 223.410899 -1.000000 -1.000000 -1.000000 -1.000000 -1.000000 -1.000000 -1.000000 -1.000000 
67 9 Van -1 2 -1.000000 677.118056 161.492453 740.097130 209.627049 -1.000000 -1.000000 -1.000000 -1.000000 -1.000000 -1.000000 -1.000000 -1.000000 
68 1 Car -1 0 -1.000000 522.194686 189.344083 805.989447 460.054332 -1.000000 -1.000000 -1.000000 -1.000000 -1.000000 -1.000000 -1.000000 -1.000000 
68 6 Car -1 2 -1.000000 332.069012 177.594043 484.726427 269.209898 -1.000000 -1.000000 -1.000000 -1.000000 -1.000000 -1.000000 -1.000000 -1.000000 
68 7 Van -1 1 -1.000000 425.402635 163.271233 512.392730 233.523953 -1.000000 -1.000000 -1.000000 -1.000000 -1.000000 -1.000000 -1.000000 -1.000000 
68 8 Car -1 2 -1.000000 707.152057 173.835535 785.185852 223.428729 -1.000000 -1.000000 -1.000000 -1.000000 -1.000000 -1.000000 -1.000000 -1.000000 
68 9 Van -1 2 -1.000000 677.091271 161.490490 740.075285 209.631141 -1.000000 -1.000000 -1.000000 -1.000000 -1.000000 -1.000000 -1.000000 -1.000000 
69 1 Car -1 0 -1.000000 521.887444 189.265540 805.889349 460.103220 -1.000000 -1.000000 -1.000000 -1.000000 -1.000000 -1.000000 -1.000000 -1.000000 
69 6 Car -1 2 -1.000000 332.167562 177.885321 484.738601 269.457191 -1.000000 -1.000000 -1.000000 -1.000000 -1.000000 -1.000000 -1.000000 -1.000000 
69 7 Van -1 1 -1.000000 425.454831 163.319903 512.416587 233.567116 -1.000000 -1.000000 -1.000000 -1.000000 -1.000000 -1.000000 -1.000000 -1.000000 
69 8 Car -1 2 -1.000000 707.284190 173.777621 785.465256 223.446614 -1.000000 -1.000000 -1.000000 -1.000000 -1.000000 -1.000000 -1.000000 -1.000000 
69 9 Van -1 2 -1.000000 677.064481 161.488526 740.053435 209.635234 -1.000000 -1.000000 -1.000000 -1.000000 -1.000000 -1.000000 -1.000000 -1.000000 
70 1 Car -1 0 -1.000000 521.579749 189.186937 805.789102 460.152181 -1.000000 -1.000000 -1.000000 -1.000000 -1.000000 -1.000000 -1.000000 -1.000000 
70 6 Car -1 2 -1.000000 332.266017 178.176315 484.750766 269.704244 -1.000000 -1.000000 -1.000000 -1.000000 -1.000000 -1.000000 -1.000000 -1.000000 
70 7 Van -1 1 -1.000000 425.507019 163.368566 512.440441 233.610272 -1.000000 -1.000000 -1.000000 -1.000000 -1.000000 -1.000000 -1.000000 -1.000000 
70 8 Car -1 2 -1.000000 707.416660 173.719529 785.745516 223.464553 -1.000000 -1.000000 -1.000000 -1.000000 -1.000000 -1.000000 -1.000000 -1.000000 
70 9 Van -1 2 -1.000000 677.037685 161.486562 740.031579 209.639328 -1.000000 -1.000000 -1.000000 -1.000000 -1.000000 -1.000000 -1.000000 -1.000000 
71 1 Car -1 0 -1.000000 521.655568 189.142287 805.581774 459.800720 -1.000000 -1.000000 -1.000000 -1.000000 -1.000000 -1.000000 -1.000000 -1.000000 
71 6 Car -1 2 -1.000000 332.364378 178.467025 484.762922 269.951059 -1.000000 -1.000000 -1.000000 -1.000000 -1.000000 -1.000000 -1.000000 -1.000000 
71 7 Van -1 1 -1.000000 425.559199 163.417220 512.464291 233.653421 -1.000000 -1.000000 -1.000000 -1.000000 -1.000000 -1.000000 -1.000000 -1.000000 
71 8 Car -1 2 -1.000000 707.444147 173.758614 785.840804 223.538874 -1.000000 -1.000000 -1.000000 -1.000000 -1.000000 -1.000000 -1.000000 -1.000000 
71 9 Van -1 2 -1.000000 676.996631 161.483079 739.998217 209.642384 -1.000000 -1.000000 -1.000000 -1.000000 -1.000000 -1.000000 -1.000000 -1.000000 
72 1 Car -1 0 -1.000000 521.731239 189.097683 805.374861 459.449947 -1.000000 -1.000000 -1.000000 -1.000000 -1.000000 -1.000000 -1.000000 -1.000000 
72 6 Car -1 2 -1.000000 332.462643 178.757451 484.775069 270.197634 -1.000000 -1.000000 -1.000000 -1.000000 -1.000000 -1.000000 -1.000000 -1.000000 
72 7 Van -1 1 -1.000000 425.611372 163.465865 512.488137 233.696563 -1.000000 -1.000000 -1.000000 -1.000000 -1.000000 -1.000000 -1.000000 -1.000000 
72 8 Car -1 2 -1.000000 707.471666 173.797755 785.936226 223.613301 -1.000000 -1.000000 -1.000000 -1.000000 -1.000000 -1.000000 -1.000000 -1.000000 
72 9 Van -1 2 -1.000000 676.955567 161.479596 739.964845 209.645441 -1.000000 -1.000000 -1.000000 -1.000000 -1.000000 -1.000000 -1.000000 -1.000000 
73 1 Car -1 0 -1.000000 521.806763 189.053125 805.168363 459.099858 -1.000000 -1.000000 -1.000000 -1.000000 -1.000000 -1.000000 -1.000000 -1.000000 
73 6 Car -1 2 -1.000000 332.560814 179.047594 484.787208 270.443972 -1.000000 -1.000000 -1.000000 -1.000000 -1.000000 -1.000000 -1.000000 -1.000000 
73 7 Van -1 1 -1.000000 425.663537 163.514502 512.511980 233.739698 -1.000000 -1.000000 -1.000000 -1.000000 -1.000000 -1.000000 -1.000000 -1.000000 
73 8 Car -1 2 -1.000000 707.499217 173.836950 786.031783 223.687833 -1.000000 -1.000000 -1.000000 -1.000000 -1.000000 -1.000000 -1.000000 -1.000000 
73 9 Van -1 2 -1.000000 676.914493 161.476111 739.931465 209.648499 -1.000000 -1.000000 -1.000000 -1.000000 -1.000000 -1.000000 -1.000000 -1.000000 
74 1 Car -1 0 -1.000000 521.882141 189.008613 804.962280 458.750453 -1.000000 -1.000000 -1.000000 -1.000000 -1.000000 -1.000000 -1.000000 -1.000000 
74 6 Car -1 2 -1.000000 332.658890 179.337454 484.799338 270.690072 -1.000000 -1.000000 -1.000000 -1.000000 -1.000000 -1.000000 -1.000000 -1.000000 
74 7 Van -1 1 -1.000000 425.715695 163.563130 512.535818 233.782827 -1.000000 -1.000000 -1.000000 -1.000000 -1.000000 -1.000000 -1.000000 -1.000000 
74 8 Car -1 2 -1.000000 707.526801 173.876200 786.127474 223.762472 -1.000000 -1.000000 -1.000000 -1.000000 -1.000000 -1.000000 -1.000000 -1.000000 
74 9 Van -1 2 -1.000000 676.873410 161.472625 739.898076 209.651557 -1.000000 -1.000000 -1.000000 -1.000000 -1.000000 -1.000000 -1.000000 -1.000000 
75 1 Car -1 0 -1.000000 521.461589 188.495610 803.317279 456.614336 -1.000000 -1.000000 -1.000000 -1.000000 -1.000000 -1.000000 -1.000000 -1.000000 
75 6 Car -1 2 -1.000000 332.756872 179.627032 484.811459 270.935934 -1.000000 -1.000000 -1.000000 -1.000000 -1.000000 -1.000000 -1.000000 -1.000000 
75 7 Van -1 1 -1.000000 425.767845 163.611750 512.559653 233.825948 -1.000000 -1.000000 -1.000000 -1.000000 -1.000000 -1.000000 -1.000000 -1.000000 
75 8 Car -1 2 -1.000000 707.554418 173.915506 786.223300 223.837216 -1.000000 -1.000000 -1.000000 -1.000000 -1.000000 -1.000000 -1.000000 -1.000000 
75 9 Van -1 2 -1.000000 676.832317 161.469139 739.864678 209.654617 -1.000000 -1.000000 -1.000000 -1.000000 -1.000000 -1.000000 -1.000000 -1.000000 
76 1 Car -1 0 -1.000000 521.044600 187.984896 801.686423 454.496381 -1.000000 -1.000000 -1.000000 -1.000000 -1.000000 -1.000000 -1.000000 -1.000000 
76 6 Car -1 2 -1.000000 332.854760 179.916329 484.823571 271.181559 -1.000000 -1.000000 -1.000000 -1.000000 -1.000000 -1.000000 -1.000000 -1.000000 
76 7 Van -1 1 -1.000000 425.819988 163.660361 512.583484 233.869063 -1.000000 -1.000000 -1.000000 -1.000000 -1.000000 -1.000000 -1.000000 -1.000000 
76 8 Car -1 2 -1.000000 707.582068 173.954868 786.319261 223.912066 -1.000000 -1.000000 -1.000000 -1.000000 -1.000000 -1.000000 -1.000000 -1.000000 
76 9 Van -1 2 -1.000000 676.791214 161.465651 739.831270 209.657677 -1.000000 -1.000000 -1.000000 -1.000000 -1.000000 -1.000000 -1.000000 -1.000000 
77 1 Car -1 0 -1.000000 520.631129 187.476456 800.069528 452.396359 -1.000000 -1.000000 -1.000000 -1.000000 -1.000000 -1.000000 -1.000000 -1.000000 
77 6 Car -1 2 -1.000000 332.952553 180.205343 484.835674 271.426948 -1.000000 -1.000000 -1.000000 -1.000000 -1.000000 -1.000000 -1.000000 -1.000000 
77 7 Van -1 1 -1.000000 425.872123 163.708964 512.607311 233.912172 -1.000000 -1.000000 -1.000000 -1.000000 -1.000000 -1.000000 -1.000000 -1.000000 
77 8 Car -1 2 -1.000000 707.609750 173.994284 786.415358 223.987022 -1.000000 -1.000000 -1.000000 -1.000000 -1.000000 -1.000000 -1.000000 -1.000000 
77 9 Van -1 2 -1.000000 676.750102 161.462163 739.797854 209.660738 -1.000000 -1.000000 -1.000000 -1.000000 -1.000000 -1.000000 -1.000000 -1.000000 
