[ 565.4822998   164.21711731  817.71575928  300.61221313]
[  51.07406998  158.08813477  157.50187683  251.93486023]
[ 484.13009644  107.99772644  803.32342529  353.5269165 ]
[ 685.64471436   68.10301971  974.44055176  226.78819275]
[ 404.85784912  219.00872803  604.22192383  360.09411621]
[ 648.36334229   90.5815506   912.17889404  175.07171631]
[ 176.61705017  160.12210083  407.81829834  228.30302429]
[  834.71862793   170.20292664  1054.21972656   277.07391357]
[ 1197.88549805    82.66358948   963.48999023   279.04986572]
[ 577.14306641  263.39263916  662.39538574  391.7487793 ]
[ 608.73931885  135.1582489   714.01586914  270.20425415]
[ 537.45495605  160.95549011  843.35455322  299.86929321]
[ 494.69772339   99.20391083  742.40203857  348.25949097]
[ 1006.84094238   182.58668518   814.42352295   315.88320923]
[ 496.63031006  221.39151001  687.58709717  222.32763672]
[ 456.79205322  171.58631897  710.72106934  301.07440186]
[ 699.00244141  244.8039093   445.57922363  261.36230469]
[ 518.89483643  255.12872314  960.15496826  311.83850098]
[ 921.15686035  183.2850647   855.79284668  305.85305786]
[ 493.75802612  118.4838028   205.70791626  361.99777222]
[ 494.86978149  148.57623291  655.26379395  243.2592926 ]
[ 368.53778076   88.11971283  894.15917969  276.07723999]
[ 714.640625    141.19093323  680.54272461  268.57400513]
[ 994.53387451  179.78291321  834.80566406  192.35266113]
[   9.18309212  167.96575928  667.10931396  239.10374451]
