65 1 Car -1 0 -1.000000 581.761246 178.014339 621.578215 204.601626 -1.000000 -1.000000 -1.000000 -1.000000 -1.000000 -1.000000 -1.000000 -1.000000 
66 1 Car -1 0 -1.000000 569.015703 178.948931 613.896979 208.191701 -1.000000 -1.000000 -1.000000 -1.000000 -1.000000 -1.000000 -1.000000 -1.000000 
67 1 Car -1 0 -1.000000 556.121616 179.701177 607.102787 212.253085 -1.000000 -1.000000 -1.000000 -1.000000 -1.000000 -1.000000 -1.000000 -1.000000 
68 1 Car -1 0 -1.000000 539.163267 180.229046 596.376272 217.116910 -1.000000 -1.000000 -1.000000 -1.000000 -1.000000 -1.000000 -1.000000 -1.000000 
69 1 Car -1 0 -1.000000 517.086749 180.892062 582.893662 223.452335 -1.000000 -1.000000 -1.000000 -1.000000 -1.000000 -1.000000 -1.000000 -1.000000 
70 1 Car -1 0 -1.000000 491.891629 181.774193 569.424033 232.108039 -1.000000 -1.000000 -1.000000 -1.000000 -1.000000 -1.000000 -1.000000 -1.000000 
71 1 Car -1 0 -1.000000 456.423998 182.939805 551.835794 244.511974 -1.000000 -1.000000 -1.000000 -1.000000 -1.000000 -1.000000 -1.000000 -1.000000 
72 1 Car -1 0 -1.000000 405.599127 184.604263 530.228240 263.876411 -1.000000 -1.000000 -1.000000 -1.000000 -1.000000 -1.000000 -1.000000 -1.000000 
73 1 Car -1 0 -1.000000 321.287808 187.297196 501.318811 296.738945 -1.000000 -1.000000 -1.000000 -1.000000 -1.000000 -1.000000 -1.000000 -1.000000 
74 1 Car -1 0 -1.000000 137.511306 192.158087 457.053240 373.562326 -1.000000 -1.000000 -1.000000 -1.000000 -1.000000 -1.000000 -1.000000 -1.000000 
111 2 Car -1 0 -1.000000 527.852454 181.823647 563.999407 208.468847 -1.000000 -1.000000 -1.000000 -1.000000 -1.000000 -1.000000 -1.000000 -1.000000 
112 2 Car -1 0 -1.000000 519.713146 182.573394 559.949987 212.035857 -1.000000 -1.000000 -1.000000 -1.000000 -1.000000 -1.000000 -1.000000 -1.000000 
113 2 Car -1 0 -1.000000 509.715115 183.474904 555.080536 216.417830 -1.000000 -1.000000 -1.000000 -1.000000 -1.000000 -1.000000 -1.000000 -1.000000 
114 2 Car -1 0 -1.000000 498.042843 183.154244 549.902578 220.297582 -1.000000 -1.000000 -1.000000 -1.000000 -1.000000 -1.000000 -1.000000 -1.000000 
115 2 Car -1 0 -1.000000 481.237446 184.279142 541.974883 227.337749 -1.000000 -1.000000 -1.000000 -1.000000 -1.000000 -1.000000 -1.000000 -1.000000 
116 2 Car -1 0 -1.000000 458.304959 185.746028 531.635220 236.946712 -1.000000 -1.000000 -1.000000 -1.000000 -1.000000 -1.000000 -1.000000 -1.000000 
117 2 Car -1 0 -1.000000 427.306665 187.298097 519.693277 249.902905 -1.000000 -1.000000 -1.000000 -1.000000 -1.000000 -1.000000 -1.000000 -1.000000 
118 2 Car -1 0 -1.000000 379.310453 189.503113 502.722896 269.971651 -1.000000 -1.000000 -1.000000 -1.000000 -1.000000 -1.000000 -1.000000 -1.000000 
119 2 Car -1 0 -1.000000 295.053335 192.882877 476.701307 305.225641 -1.000000 -1.000000 -1.000000 -1.000000 -1.000000 -1.000000 -1.000000 -1.000000 
120 2 Car -1 0 -1.000000 108.495910 198.717055 431.754406 383.388818 -1.000000 -1.000000 -1.000000 -1.000000 -1.000000 -1.000000 -1.000000 -1.000000 
222 3 Car -1 0 -1.000000 543.661115 181.161653 577.564326 208.383811 -1.000000 -1.000000 -1.000000 -1.000000 -1.000000 -1.000000 -1.000000 -1.000000 
223 3 Car -1 0 -1.000000 534.696884 181.576564 572.423297 211.486773 -1.000000 -1.000000 -1.000000 -1.000000 -1.000000 -1.000000 -1.000000 -1.000000 
224 3 Car -1 0 -1.000000 523.804216 182.071543 566.289761 215.257578 -1.000000 -1.000000 -1.000000 -1.000000 -1.000000 -1.000000 -1.000000 -1.000000 
225 3 Car -1 0 -1.000000 511.246402 182.244857 559.932237 219.659175 -1.000000 -1.000000 -1.000000 -1.000000 -1.000000 -1.000000 -1.000000 -1.000000 
225 4 Car -1 1 -1.000000 543.334031 179.926513 580.102257 209.568829 -1.000000 -1.000000 -1.000000 -1.000000 -1.000000 -1.000000 -1.000000 -1.000000 
226 3 Car -1 0 -1.000000 495.045900 182.461960 551.967581 225.338336 -1.000000 -1.000000 -1.000000 -1.000000 -1.000000 -1.000000 -1.000000 -1.000000 
226 4 Car -1 1 -1.000000 532.512507 179.560416 573.745576 212.467899 -1.000000 -1.000000 -1.000000 -1.000000 -1.000000 -1.000000 -1.000000 -1.000000 
227 3 Car -1 0 -1.000000 473.348863 182.741848 541.698216 232.945706 -1.000000 -1.000000 -1.000000 -1.000000 -1.000000 -1.000000 -1.000000 -1.000000 
227 4 Car -1 1 -1.000000 519.013828 179.103763 565.988176 216.084611 -1.000000 -1.000000 -1.000000 -1.000000 -1.000000 -1.000000 -1.000000 -1.000000 
228 3 Car -1 0 -1.000000 442.786495 183.116359 527.954564 243.664089 -1.000000 -1.000000 -1.000000 -1.000000 -1.000000 -1.000000 -1.000000 -1.000000 
228 4 Car -1 1 -1.000000 505.399265 179.452508 559.092550 221.453311 -1.000000 -1.000000 -1.000000 -1.000000 -1.000000 -1.000000 -1.000000 -1.000000 
229 3 Car -1 0 -1.000000 400.878160 185.152246 511.751655 261.528796 -1.000000 -1.000000 -1.000000 -1.000000 -1.000000 -1.000000 -1.000000 -1.000000 
229 4 Car -1 1 -1.000000 487.511750 179.910533 550.335399 228.508561 -1.000000 -1.000000 -1.000000 -1.000000 -1.000000 -1.000000 -1.000000 -1.000000 
230 3 Car -1 0 -1.000000 330.683187 188.206485 487.435412 291.468895 -1.000000 -1.000000 -1.000000 -1.000000 -1.000000 -1.000000 -1.000000 -1.000000 
230 4 Car -1 1 -1.000000 462.964557 180.509353 538.845782 238.193181 -1.000000 -1.000000 -1.000000 -1.000000 -1.000000 -1.000000 -1.000000 -1.000000 
231 3 Car -1 0 -1.000000 188.974478 193.297971 446.876625 351.977864 -1.000000 -1.000000 -1.000000 -1.000000 -1.000000 -1.000000 -1.000000 -1.000000 
231 4 Car -1 0 -1.000000 430.124612 181.934015 525.945639 253.007199 -1.000000 -1.000000 -1.000000 -1.000000 -1.000000 -1.000000 -1.000000 -1.000000 
232 4 Car -1 0 -1.000000 378.095812 183.996845 507.261074 276.488640 -1.000000 -1.000000 -1.000000 -1.000000 -1.000000 -1.000000 -1.000000 -1.000000 
233 4 Car -1 0 -1.000000 283.117772 187.250395 477.777224 319.389698 -1.000000 -1.000000 -1.000000 -1.000000 -1.000000 -1.000000 -1.000000 -1.000000 
234 4 Car -1 0 -1.000000 54.630985 193.143908 424.326184 422.786273 -1.000000 -1.000000 -1.000000 -1.000000 -1.000000 -1.000000 -1.000000 -1.000000 
262 5 Car -1 0 -1.000000 547.668901 177.680651 580.505292 203.344434 -1.000000 -1.000000 -1.000000 -1.000000 -1.000000 -1.000000 -1.000000 -1.000000 
263 5 Car -1 0 -1.000000 539.328327 177.996489 575.844812 206.082913 -1.000000 -1.000000 -1.000000 -1.000000 -1.000000 -1.000000 -1.000000 -1.000000 
264 5 Car -1 0 -1.000000 529.249666 178.378245 570.316511 209.392320 -1.000000 -1.000000 -1.000000 -1.000000 -1.000000 -1.000000 -1.000000 -1.000000 
265 5 Car -1 0 -1.000000 516.826424 178.848961 563.653116 213.471976 -1.000000 -1.000000 -1.000000 -1.000000 -1.000000 -1.000000 -1.000000 -1.000000 
266 5 Car -1 0 -1.000000 501.132784 179.443832 555.465043 218.626204 -1.000000 -1.000000 -1.000000 -1.000000 -1.000000 -1.000000 -1.000000 -1.000000 
267 5 Car -1 0 -1.000000 483.458171 180.301774 546.976816 225.433915 -1.000000 -1.000000 -1.000000 -1.000000 -1.000000 -1.000000 -1.000000 -1.000000 
268 5 Car -1 0 -1.000000 459.473323 181.281848 535.979442 234.674200 -1.000000 -1.000000 -1.000000 -1.000000 -1.000000 -1.000000 -1.000000 -1.000000 
269 5 Car -1 0 -1.000000 425.064123 182.601552 521.167670 247.934508 -1.000000 -1.000000 -1.000000 -1.000000 -1.000000 -1.000000 -1.000000 -1.000000 
270 5 Car -1 0 -1.000000 373.736980 184.089776 501.859590 267.836021 -1.000000 -1.000000 -1.000000 -1.000000 -1.000000 -1.000000 -1.000000 -1.000000 
271 5 Car -1 0 -1.000000 283.621073 186.356601 472.438358 302.802068 -1.000000 -1.000000 -1.000000 -1.000000 -1.000000 -1.000000 -1.000000 -1.000000 
272 5 Car -1 0 -1.000000 84.040283 190.229501 422.139586 380.353321 -1.000000 -1.000000 -1.000000 -1.000000 -1.000000 -1.000000 -1.000000 -1.000000 
277 6 Car -1 0 -1.000000 542.748477 182.382459 576.820042 208.810912 -1.000000 -1.000000 -1.000000 -1.000000 -1.000000 -1.000000 -1.000000 -1.000000 
278 6 Car -1 0 -1.000000 535.310194 181.386481 572.455621 210.046782 -1.000000 -1.000000 -1.000000 -1.000000 -1.000000 -1.000000 -1.000000 -1.000000 
279 6 Car -1 0 -1.000000 526.880747 181.194175 568.133896 212.621489 -1.000000 -1.000000 -1.000000 -1.000000 -1.000000 -1.000000 -1.000000 -1.000000 
280 6 Car -1 0 -1.000000 516.214838 181.941424 562.416373 216.959215 -1.000000 -1.000000 -1.000000 -1.000000 -1.000000 -1.000000 -1.000000 -1.000000 
281 6 Car -1 0 -1.000000 502.557719 182.687081 555.974147 222.541866 -1.000000 -1.000000 -1.000000 -1.000000 -1.000000 -1.000000 -1.000000 -1.000000 
282 6 Car -1 0 -1.000000 484.646581 183.629868 547.827842 229.864579 -1.000000 -1.000000 -1.000000 -1.000000 -1.000000 -1.000000 -1.000000 -1.000000 
283 6 Car -1 0 -1.000000 460.127149 184.859865 537.198268 239.891089 -1.000000 -1.000000 -1.000000 -1.000000 -1.000000 -1.000000 -1.000000 -1.000000 
284 6 Car -1 0 -1.000000 424.514981 186.531898 522.745762 254.457957 -1.000000 -1.000000 -1.000000 -1.000000 -1.000000 -1.000000 -1.000000 -1.000000 
285 6 Car -1 0 -1.000000 368.081901 188.936452 501.955764 277.551901 -1.000000 -1.000000 -1.000000 -1.000000 -1.000000 -1.000000 -1.000000 -1.000000 
286 6 Car -1 0 -1.000000 266.383866 192.607040 471.154841 318.682781 -1.000000 -1.000000 -1.000000 -1.000000 -1.000000 -1.000000 -1.000000 -1.000000 
287 6 Car -1 0 -1.000000 50.755918 198.701565 422.174193 410.655120 -1.000000 -1.000000 -1.000000 -1.000000 -1.000000 -1.000000 -1.000000 -1.000000 
295 7 Car -1 0 -1.000000 534.111109 181.646197 568.136876 207.296561 -1.000000 -1.000000 -1.000000 -1.000000 -1.000000 -1.000000 -1.000000 -1.000000 
296 7 Car -1 0 -1.000000 527.517236 182.163583 564.925235 210.056111 -1.000000 -1.000000 -1.000000 -1.000000 -1.000000 -1.000000 -1.000000 -1.000000 
297 7 Car -1 0 -1.000000 519.695605 182.767405 561.176786 213.329730 -1.000000 -1.000000 -1.000000 -1.000000 -1.000000 -1.000000 -1.000000 -1.000000 
298 7 Car -1 0 -1.000000 510.025284 182.910681 557.009121 216.882179 -1.000000 -1.000000 -1.000000 -1.000000 -1.000000 -1.000000 -1.000000 -1.000000 
299 7 Car -1 0 -1.000000 497.946138 183.085230 551.931168 221.320142 -1.000000 -1.000000 -1.000000 -1.000000 -1.000000 -1.000000 -1.000000 -1.000000 
300 7 Car -1 0 -1.000000 482.429896 183.302541 545.608272 227.021859 -1.000000 -1.000000 -1.000000 -1.000000 -1.000000 -1.000000 -1.000000 -1.000000 
301 7 Car -1 0 -1.000000 462.374529 184.171186 537.109490 235.239196 -1.000000 -1.000000 -1.000000 -1.000000 -1.000000 -1.000000 -1.000000 -1.000000 
302 7 Car -1 0 -1.000000 434.437464 185.317029 525.896399 246.688869 -1.000000 -1.000000 -1.000000 -1.000000 -1.000000 -1.000000 -1.000000 -1.000000 
303 7 Car -1 0 -1.000000 392.835850 186.897945 510.421786 263.745008 -1.000000 -1.000000 -1.000000 -1.000000 -1.000000 -1.000000 -1.000000 -1.000000 
304 7 Car -1 0 -1.000000 324.298145 189.219796 487.686673 291.860560 -1.000000 -1.000000 -1.000000 -1.000000 -1.000000 -1.000000 -1.000000 -1.000000 
305 7 Car -1 0 -1.000000 190.138540 192.962891 451.015684 346.952512 -1.000000 -1.000000 -1.000000 -1.000000 -1.000000 -1.000000 -1.000000 -1.000000 
305 8 Car -1 0 -1.000000 535.385190 181.921563 572.889774 208.470119 -1.000000 -1.000000 -1.000000 -1.000000 -1.000000 -1.000000 -1.000000 -1.000000 
306 8 Car -1 0 -1.000000 528.445937 182.399387 569.706981 211.603498 -1.000000 -1.000000 -1.000000 -1.000000 -1.000000 -1.000000 -1.000000 -1.000000 
307 8 Car -1 0 -1.000000 519.999892 182.968771 565.913834 215.417687 -1.000000 -1.000000 -1.000000 -1.000000 -1.000000 -1.000000 -1.000000 -1.000000 
308 8 Car -1 0 -1.000000 508.980292 182.912473 561.982916 219.312178 -1.000000 -1.000000 -1.000000 -1.000000 -1.000000 -1.000000 -1.000000 -1.000000 
309 8 Car -1 0 -1.000000 494.910240 182.842775 557.111472 224.286069 -1.000000 -1.000000 -1.000000 -1.000000 -1.000000 -1.000000 -1.000000 -1.000000 
310 8 Car -1 0 -1.000000 475.814207 183.601694 549.461763 232.134936 -1.000000 -1.000000 -1.000000 -1.000000 -1.000000 -1.000000 -1.000000 -1.000000 
311 8 Car -1 0 -1.000000 449.035425 184.607597 539.320526 243.144339 -1.000000 -1.000000 -1.000000 -1.000000 -1.000000 -1.000000 -1.000000 -1.000000 
312 8 Car -1 0 -1.000000 408.769566 186.004485 525.233960 259.704526 -1.000000 -1.000000 -1.000000 -1.000000 -1.000000 -1.000000 -1.000000 -1.000000 
313 8 Car -1 0 -1.000000 341.397355 188.075304 504.344107 287.428404 -1.000000 -1.000000 -1.000000 -1.000000 -1.000000 -1.000000 -1.000000 -1.000000 
314 8 Car -1 0 -1.000000 205.658443 191.462815 470.153912 343.344240 -1.000000 -1.000000 -1.000000 -1.000000 -1.000000 -1.000000 -1.000000 -1.000000 
371 9 Car -1 0 -1.000000 530.964262 181.364676 566.972795 207.348111 -1.000000 -1.000000 -1.000000 -1.000000 -1.000000 -1.000000 -1.000000 -1.000000 
372 9 Car -1 0 -1.000000 523.432426 181.744773 563.883027 210.443384 -1.000000 -1.000000 -1.000000 -1.000000 -1.000000 -1.000000 -1.000000 -1.000000 
373 9 Car -1 0 -1.000000 514.173406 182.310629 559.647687 214.378900 -1.000000 -1.000000 -1.000000 -1.000000 -1.000000 -1.000000 -1.000000 -1.000000 
374 9 Car -1 0 -1.000000 502.507554 183.005848 554.443601 219.337984 -1.000000 -1.000000 -1.000000 -1.000000 -1.000000 -1.000000 -1.000000 -1.000000 
375 9 Car -1 0 -1.000000 487.356179 183.880515 547.895501 225.779648 -1.000000 -1.000000 -1.000000 -1.000000 -1.000000 -1.000000 -1.000000 -1.000000 
376 9 Car -1 0 -1.000000 466.882788 185.014404 539.405555 234.485595 -1.000000 -1.000000 -1.000000 -1.000000 -1.000000 -1.000000 -1.000000 -1.000000 
377 9 Car -1 0 -1.000000 437.685831 186.542799 527.959645 246.904253 -1.000000 -1.000000 -1.000000 -1.000000 -1.000000 -1.000000 -1.000000 -1.000000 
378 9 Car -1 0 -1.000000 394.405899 188.393691 511.954677 265.435899 -1.000000 -1.000000 -1.000000 -1.000000 -1.000000 -1.000000 -1.000000 -1.000000 
379 9 Car -1 0 -1.000000 319.527437 191.214044 487.555530 297.518589 -1.000000 -1.000000 -1.000000 -1.000000 -1.000000 -1.000000 -1.000000 -1.000000 
380 9 Car -1 0 -1.000000 158.541349 196.035783 445.814514 366.582346 -1.000000 -1.000000 -1.000000 -1.000000 -1.000000 -1.000000 -1.000000 -1.000000 
405 10 Cyclist -1 0 -1.000000 525.809956 178.104477 540.603050 203.821659 -1.000000 -1.000000 -1.000000 -1.000000 -1.000000 -1.000000 -1.000000 -1.000000 
406 10 Cyclist -1 0 -1.000000 522.061669 178.421839 538.310377 206.232282 -1.000000 -1.000000 -1.000000 -1.000000 -1.000000 -1.000000 -1.000000 -1.000000 
407 10 Cyclist -1 0 -1.000000 517.649757 178.795515 535.628182 209.070045 -1.000000 -1.000000 -1.000000 -1.000000 -1.000000 -1.000000 -1.000000 -1.000000 
408 10 Cyclist -1 0 -1.000000 512.451591 178.373438 532.515392 211.590970 -1.000000 -1.000000 -1.000000 -1.000000 -1.000000 -1.000000 -1.000000 -1.000000 
409 10 Cyclist -1 0 -1.000000 504.296328 177.480295 526.818652 214.369066 -1.000000 -1.000000 -1.000000 -1.000000 -1.000000 -1.000000 -1.000000 -1.000000 
410 10 Cyclist -1 0 -1.000000 494.115799 176.365226 519.788798 217.837494 -1.000000 -1.000000 -1.000000 -1.000000 -1.000000 -1.000000 -1.000000 -1.000000 
411 10 Cyclist -1 0 -1.000000 481.942555 177.030652 511.592618 224.149750 -1.000000 -1.000000 -1.000000 -1.000000 -1.000000 -1.000000 -1.000000 -1.000000 
412 10 Cyclist -1 0 -1.000000 465.934576 177.905847 501.006980 232.452038 -1.000000 -1.000000 -1.000000 -1.000000 -1.000000 -1.000000 -1.000000 -1.000000 
413 10 Cyclist -1 0 -1.000000 443.941087 179.108557 486.808696 243.861541 -1.000000 -1.000000 -1.000000 -1.000000 -1.000000 -1.000000 -1.000000 -1.000000 
414 10 Cyclist -1 0 -1.000000 408.963838 179.650157 464.148093 259.226534 -1.000000 -1.000000 -1.000000 -1.000000 -1.000000 -1.000000 -1.000000 -1.000000 
415 10 Cyclist -1 0 -1.000000 353.248680 180.469933 429.828124 283.714974 -1.000000 -1.000000 -1.000000 -1.000000 -1.000000 -1.000000 -1.000000 -1.000000 
416 10 Cyclist -1 0 -1.000000 250.581095 181.761231 371.733605 328.884100 -1.000000 -1.000000 -1.000000 -1.000000 -1.000000 -1.000000 -1.000000 -1.000000 
