0 1 Car -1 0 -1.000000 626.707620 194.746191 846.773985 357.471696 -1.000000 -1.000000 -1.000000 -1.000000 -1.000000 -1.000000 -1.000000 -1.000000 
1 1 Car -1 0 -1.000000 628.780672 194.834015 851.397547 359.209538 -1.000000 -1.000000 -1.000000 -1.000000 -1.000000 -1.000000 -1.000000 -1.000000 
2 1 Car -1 0 -1.000000 630.879356 194.922963 856.114120 360.981477 -1.000000 -1.000000 -1.000000 -1.000000 -1.000000 -1.000000 -1.000000 -1.000000 
3 1 Car -1 0 -1.000000 633.004148 195.013059 860.926545 362.788526 -1.000000 -1.000000 -1.000000 -1.000000 -1.000000 -1.000000 -1.000000 -1.000000 
4 1 Car -1 0 -1.000000 635.155536 195.104324 865.837781 364.631738 -1.000000 -1.000000 -1.000000 -1.000000 -1.000000 -1.000000 -1.000000 -1.000000 
5 1 Car -1 0 -1.000000 637.334021 195.196780 870.850910 366.512211 -1.000000 -1.000000 -1.000000 -1.000000 -1.000000 -1.000000 -1.000000 -1.000000 
6 1 Car -1 0 -1.000000 639.084011 195.210909 876.493473 368.852571 -1.000000 -1.000000 -1.000000 -1.000000 -1.000000 -1.000000 -1.000000 -1.000000 
7 1 Car -1 0 -1.000000 640.863331 195.225275 882.288895 371.257047 -1.000000 -1.000000 -1.000000 -1.000000 -1.000000 -1.000000 -1.000000 -1.000000 
8 1 Car -1 0 -1.000000 642.672726 195.239885 888.243476 373.728312 -1.000000 -1.000000 -1.000000 -1.000000 -1.000000 -1.000000 -1.000000 -1.000000 
9 1 Car -1 0 -1.000000 644.512963 195.254744 894.363861 376.269186 -1.000000 -1.000000 -1.000000 -1.000000 -1.000000 -1.000000 -1.000000 -1.000000 
10 1 Car -1 0 -1.000000 646.384837 195.269860 900.657076 378.882654 -1.000000 -1.000000 -1.000000 -1.000000 -1.000000 -1.000000 -1.000000 -1.000000 
11 1 Car -1 0 -1.000000 649.326080 196.351570 908.204611 383.958384 -1.000000 -1.000000 -1.000000 -1.000000 -1.000000 -1.000000 -1.000000 -1.000000 
12 1 Car -1 0 -1.000000 652.330585 197.457308 916.030748 389.214697 -1.000000 -1.000000 -1.000000 -1.000000 -1.000000 -1.000000 -1.000000 -1.000000 
13 1 Car -1 0 -1.000000 655.400391 198.587895 924.151302 394.661375 -1.000000 -1.000000 -1.000000 -1.000000 -1.000000 -1.000000 -1.000000 -1.000000 
14 1 Car -1 0 -1.000000 658.537620 199.744188 932.583306 400.308915 -1.000000 -1.000000 -1.000000 -1.000000 -1.000000 -1.000000 -1.000000 -1.000000 
15 1 Car -1 0 -1.000000 661.744494 200.927087 941.345137 406.168605 -1.000000 -1.000000 -1.000000 -1.000000 -1.000000 -1.000000 -1.000000 -1.000000 
16 1 Car -1 0 -1.000000 665.465654 199.692892 952.217119 408.598463 -1.000000 -1.000000 -1.000000 -1.000000 -1.000000 -1.000000 -1.000000 -1.000000 
17 1 Car -1 0 -1.000000 669.284431 198.425452 963.600938 411.138238 -1.000000 -1.000000 -1.000000 -1.000000 -1.000000 -1.000000 -1.000000 -1.000000 
18 1 Car -1 0 -1.000000 673.204693 197.123387 975.533714 413.795616 -1.000000 -1.000000 -1.000000 -1.000000 -1.000000 -1.000000 -1.000000 -1.000000 
19 1 Car -1 0 -1.000000 677.230514 195.785244 988.056236 416.579015 -1.000000 -1.000000 -1.000000 -1.000000 -1.000000 -1.000000 -1.000000 -1.000000 
20 1 Car -1 0 -1.000000 681.366192 194.409482 1001.213444 419.497677 -1.000000 -1.000000 -1.000000 -1.000000 -1.000000 -1.000000 -1.000000 -1.000000 
21 1 Car -1 0 -1.000000 685.405489 193.203894 1014.914441 423.225201 -1.000000 -1.000000 -1.000000 -1.000000 -1.000000 -1.000000 -1.000000 -1.000000 
22 1 Car -1 0 -1.000000 689.563838 191.961646 1029.384690 427.153000 -1.000000 -1.000000 -1.000000 -1.000000 -1.000000 -1.000000 -1.000000 -1.000000 
23 1 Car -1 0 -1.000000 693.846547 190.681022 1044.691020 431.297733 -1.000000 -1.000000 -1.000000 -1.000000 -1.000000 -1.000000 -1.000000 -1.000000 
24 1 Car -1 0 -1.000000 698.259240 189.360195 1060.908222 435.677957 -1.000000 -1.000000 -1.000000 -1.000000 -1.000000 -1.000000 -1.000000 -1.000000 
25 1 Car -1 0 -1.000000 702.807890 187.997220 1078.120289 440.314412 -1.000000 -1.000000 -1.000000 -1.000000 -1.000000 -1.000000 -1.000000 -1.000000 
26 1 Car -1 0 -1.000000 708.236394 185.991908 1099.213293 445.451743 -1.000000 -1.000000 -1.000000 -1.000000 -1.000000 -1.000000 -1.000000 -1.000000 
27 1 Car -1 0 -1.000000 713.869746 183.907706 1121.957615 450.967555 -1.000000 -1.000000 -1.000000 -1.000000 -1.000000 -1.000000 -1.000000 -1.000000 
28 1 Car -1 0 -1.000000 719.719675 181.739806 1146.555586 456.905526 -1.000000 -1.000000 -1.000000 -1.000000 -1.000000 -1.000000 -1.000000 -1.000000 
29 1 Car -1 0 -1.000000 725.455424 184.496067 1172.955876 474.045734 -1.000000 -1.000000 -1.000000 -1.000000 -1.000000 -1.000000 -1.000000 -1.000000 
30 1 Car -1 0 -1.000000 731.426118 187.370587 1201.757242 492.654149 -1.000000 -1.000000 -1.000000 -1.000000 -1.000000 -1.000000 -1.000000 -1.000000 
31 1 Car -1 0 -1.000000 735.785059 186.650762 1231.585289 505.162120 -1.000000 -1.000000 -1.000000 -1.000000 -1.000000 -1.000000 -1.000000 -1.000000 
393 2 Car -1 0 -1.000000 548.172955 176.893608 576.430963 202.088642 -1.000000 -1.000000 -1.000000 -1.000000 -1.000000 -1.000000 -1.000000 -1.000000 
394 2 Car -1 0 -1.000000 551.920292 176.551857 580.481158 202.021750 -1.000000 -1.000000 -1.000000 -1.000000 -1.000000 -1.000000 -1.000000 -1.000000 
395 2 Car -1 0 -1.000000 555.750822 176.202433 584.621909 201.953330 -1.000000 -1.000000 -1.000000 -1.000000 -1.000000 -1.000000 -1.000000 -1.000000 
396 2 Car -1 0 -1.000000 559.696902 178.847364 588.887119 204.892625 -1.000000 -1.000000 -1.000000 -1.000000 -1.000000 -1.000000 -1.000000 -1.000000 
397 2 Car -1 0 -1.000000 563.732850 181.460828 593.250265 207.898354 -1.000000 -1.000000 -1.000000 -1.000000 -1.000000 -1.000000 -1.000000 -1.000000 
398 2 Car -1 0 -1.000000 567.861730 183.937934 597.714763 210.972775 -1.000000 -1.000000 -1.000000 -1.000000 -1.000000 -1.000000 -1.000000 -1.000000 
399 2 Car -1 0 -1.000000 569.810378 183.397007 600.007727 210.682864 -1.000000 -1.000000 -1.000000 -1.000000 -1.000000 -1.000000 -1.000000 -1.000000 
400 2 Car -1 0 -1.000000 571.804749 182.844659 602.354719 210.386154 -1.000000 -1.000000 -1.000000 -1.000000 -1.000000 -1.000000 -1.000000 -1.000000 
401 2 Car -1 0 -1.000000 573.846462 182.280524 604.757675 210.082405 -1.000000 -1.000000 -1.000000 -1.000000 -1.000000 -1.000000 -1.000000 -1.000000 
402 2 Car -1 0 -1.000000 575.937213 181.704220 607.218624 209.771363 -1.000000 -1.000000 -1.000000 -1.000000 -1.000000 -1.000000 -1.000000 -1.000000 
403 2 Car -1 0 -1.000000 578.078780 181.115346 609.739694 209.452764 -1.000000 -1.000000 -1.000000 -1.000000 -1.000000 -1.000000 -1.000000 -1.000000 
404 2 Car -1 0 -1.000000 579.841625 180.000300 611.827333 208.547745 -1.000000 -1.000000 -1.000000 -1.000000 -1.000000 -1.000000 -1.000000 -1.000000 
405 2 Car -1 0 -1.000000 580.596237 181.540902 613.044167 210.638143 -1.000000 -1.000000 -1.000000 -1.000000 -1.000000 -1.000000 -1.000000 -1.000000 
406 2 Car -1 0 -1.000000 581.372979 183.069385 614.296756 212.789795 -1.000000 -1.000000 -1.000000 -1.000000 -1.000000 -1.000000 -1.000000 -1.000000 
407 2 Car -1 0 -1.000000 581.951510 180.645616 615.317512 210.451417 -1.000000 -1.000000 -1.000000 -1.000000 -1.000000 -1.000000 -1.000000 -1.000000 
408 2 Car -1 0 -1.000000 582.545795 177.867465 616.366114 208.049435 -1.000000 -1.000000 -1.000000 -1.000000 -1.000000 -1.000000 -1.000000 -1.000000 
409 2 Car -1 0 -1.000000 584.721586 178.489793 618.987601 209.069023 -1.000000 -1.000000 -1.000000 -1.000000 -1.000000 -1.000000 -1.000000 -1.000000 
410 2 Car -1 0 -1.000000 586.196273 181.608093 620.954432 212.788521 -1.000000 -1.000000 -1.000000 -1.000000 -1.000000 -1.000000 -1.000000 -1.000000 
411 2 Car -1 0 -1.000000 587.713845 184.575200 622.978651 216.616163 -1.000000 -1.000000 -1.000000 -1.000000 -1.000000 -1.000000 -1.000000 -1.000000 
412 2 Car -1 0 -1.000000 587.875981 187.126475 623.661583 219.994989 -1.000000 -1.000000 -1.000000 -1.000000 -1.000000 -1.000000 -1.000000 -1.000000 
413 2 Car -1 0 -1.000000 588.042995 189.744947 624.365011 223.474930 -1.000000 -1.000000 -1.000000 -1.000000 -1.000000 -1.000000 -1.000000 -1.000000 
414 2 Car -1 0 -1.000000 589.887471 190.342704 626.759618 224.668098 -1.000000 -1.000000 -1.000000 -1.000000 -1.000000 -1.000000 -1.000000 -1.000000 
415 2 Car -1 0 -1.000000 588.666060 186.972579 626.100870 221.333099 -1.000000 -1.000000 -1.000000 -1.000000 -1.000000 -1.000000 -1.000000 -1.000000 
416 2 Car -1 0 -1.000000 587.406744 183.511428 625.421698 217.894534 -1.000000 -1.000000 -1.000000 -1.000000 -1.000000 -1.000000 -1.000000 -1.000000 
417 2 Car -1 0 -1.000000 586.392849 179.754843 624.987298 214.195833 -1.000000 -1.000000 -1.000000 -1.000000 -1.000000 -1.000000 -1.000000 -1.000000 
418 2 Car -1 0 -1.000000 585.347533 175.409820 624.539448 210.382426 -1.000000 -1.000000 -1.000000 -1.000000 -1.000000 -1.000000 -1.000000 -1.000000 
419 2 Car -1 0 -1.000000 582.985551 173.468829 622.762061 208.964365 -1.000000 -1.000000 -1.000000 -1.000000 -1.000000 -1.000000 -1.000000 -1.000000 
420 2 Car -1 0 -1.000000 579.550955 174.100408 620.025512 210.221826 -1.000000 -1.000000 -1.000000 -1.000000 -1.000000 -1.000000 -1.000000 -1.000000 
421 2 Car -1 0 -1.000000 575.993285 174.754400 617.191527 211.524450 -1.000000 -1.000000 -1.000000 -1.000000 -1.000000 -1.000000 -1.000000 -1.000000 
422 2 Car -1 0 -1.000000 571.759726 176.131711 613.675997 213.545971 -1.000000 -1.000000 -1.000000 -1.000000 -1.000000 -1.000000 -1.000000 -1.000000 
423 2 Car -1 0 -1.000000 567.375785 177.557392 610.036631 215.639456 -1.000000 -1.000000 -1.000000 -1.000000 -1.000000 -1.000000 -1.000000 -1.000000 
424 2 Car -1 0 -1.000000 562.833302 179.034031 606.266799 217.808812 -1.000000 -1.000000 -1.000000 -1.000000 -1.000000 -1.000000 -1.000000 -1.000000 
425 2 Car -1 0 -1.000000 558.271854 179.137902 602.497214 218.619270 -1.000000 -1.000000 -1.000000 -1.000000 -1.000000 -1.000000 -1.000000 -1.000000 
426 2 Car -1 0 -1.000000 553.541513 179.245576 598.589379 219.459767 -1.000000 -1.000000 -1.000000 -1.000000 -1.000000 -1.000000 -1.000000 -1.000000 
427 2 Car -1 0 -1.000000 546.197644 179.191367 592.127854 220.186538 -1.000000 -1.000000 -1.000000 -1.000000 -1.000000 -1.000000 -1.000000 -1.000000 
428 2 Car -1 0 -1.000000 538.563267 179.135047 585.413685 220.942058 -1.000000 -1.000000 -1.000000 -1.000000 -1.000000 -1.000000 -1.000000 -1.000000 
429 2 Car -1 0 -1.000000 532.208625 179.926653 580.043382 222.607063 -1.000000 -1.000000 -1.000000 -1.000000 -1.000000 -1.000000 -1.000000 -1.000000 
430 2 Car -1 0 -1.000000 525.587533 180.750600 574.450438 224.342353 -1.000000 -1.000000 -1.000000 -1.000000 -1.000000 -1.000000 -1.000000 -1.000000 
431 2 Car -1 0 -1.000000 518.021739 180.995585 568.009565 225.583830 -1.000000 -1.000000 -1.000000 -1.000000 -1.000000 -1.000000 -1.000000 -1.000000 
432 2 Car -1 0 -1.000000 510.109095 181.229792 561.278471 226.882262 -1.000000 -1.000000 -1.000000 -1.000000 -1.000000 -1.000000 -1.000000 -1.000000 
433 2 Car -1 0 -1.000000 501.825131 181.472983 554.237506 228.241648 -1.000000 -1.000000 -1.000000 -1.000000 -1.000000 -1.000000 -1.000000 -1.000000 
434 2 Car -1 0 -1.000000 494.620333 181.998354 548.266451 229.941172 -1.000000 -1.000000 -1.000000 -1.000000 -1.000000 -1.000000 -1.000000 -1.000000 
435 2 Car -1 0 -1.000000 487.079139 182.543644 542.022242 231.720190 -1.000000 -1.000000 -1.000000 -1.000000 -1.000000 -1.000000 -1.000000 -1.000000 
436 2 Car -1 0 -1.000000 479.177414 183.110013 535.485864 233.584404 -1.000000 -1.000000 -1.000000 -1.000000 -1.000000 -1.000000 -1.000000 -1.000000 
437 2 Car -1 0 -1.000000 469.927618 185.217882 527.775873 237.494098 -1.000000 -1.000000 -1.000000 -1.000000 -1.000000 -1.000000 -1.000000 -1.000000 
438 2 Car -1 0 -1.000000 460.181216 187.416343 519.661663 241.614232 -1.000000 -1.000000 -1.000000 -1.000000 -1.000000 -1.000000 -1.000000 -1.000000 
439 2 Car -1 0 -1.000000 450.546608 185.838907 511.891772 241.267475 -1.000000 -1.000000 -1.000000 -1.000000 -1.000000 -1.000000 -1.000000 -1.000000 
440 2 Car -1 0 -1.000000 440.317467 184.184435 503.690013 240.898884 -1.000000 -1.000000 -1.000000 -1.000000 -1.000000 -1.000000 -1.000000 -1.000000 
441 2 Car -1 0 -1.000000 430.043430 180.611323 495.970286 238.210093 -1.000000 -1.000000 -1.000000 -1.000000 -1.000000 -1.000000 -1.000000 -1.000000 
441 3 Misc -1 0 -1.000000 476.281552 174.709120 498.928583 200.549625 -1.000000 -1.000000 -1.000000 -1.000000 -1.000000 -1.000000 -1.000000 -1.000000 
442 2 Car -1 0 -1.000000 421.185003 180.312611 489.449464 239.531166 -1.000000 -1.000000 -1.000000 -1.000000 -1.000000 -1.000000 -1.000000 -1.000000 
442 3 Misc -1 0 -1.000000 470.079441 175.656573 493.092850 201.821815 -1.000000 -1.000000 -1.000000 -1.000000 -1.000000 -1.000000 -1.000000 -1.000000 
443 2 Car -1 0 -1.000000 409.764983 184.543150 481.138999 246.421747 -1.000000 -1.000000 -1.000000 -1.000000 -1.000000 -1.000000 -1.000000 -1.000000 
443 3 Misc -1 0 -1.000000 463.720478 176.627704 487.117143 203.126262 -1.000000 -1.000000 -1.000000 -1.000000 -1.000000 -1.000000 -1.000000 -1.000000 
444 2 Car -1 0 -1.000000 400.722583 185.768489 475.428868 250.060840 -1.000000 -1.000000 -1.000000 -1.000000 -1.000000 -1.000000 -1.000000 -1.000000 
444 3 Misc -1 0 -1.000000 457.209328 178.900379 481.006984 205.744902 -1.000000 -1.000000 -1.000000 -1.000000 -1.000000 -1.000000 -1.000000 -1.000000 
445 2 Car -1 0 -1.000000 391.055759 187.058869 469.415121 253.951575 -1.000000 -1.000000 -1.000000 -1.000000 -1.000000 -1.000000 -1.000000 -1.000000 
445 3 Misc -1 0 -1.000000 453.648747 180.076789 477.836116 207.260772 -1.000000 -1.000000 -1.000000 -1.000000 -1.000000 -1.000000 -1.000000 -1.000000 
446 2 Car -1 0 -1.000000 380.697501 188.419615 463.072887 258.120980 -1.000000 -1.000000 -1.000000 -1.000000 -1.000000 -1.000000 -1.000000 -1.000000 
446 3 Misc -1 0 -1.000000 449.997855 181.270690 474.588877 208.815124 -1.000000 -1.000000 -1.000000 -1.000000 -1.000000 -1.000000 -1.000000 -1.000000 
447 2 Car -1 0 -1.000000 369.570864 189.856649 456.374504 262.600097 -1.000000 -1.000000 -1.000000 -1.000000 -1.000000 -1.000000 -1.000000 -1.000000 
447 3 Misc -1 0 -1.000000 446.253172 182.450477 471.262476 210.409443 -1.000000 -1.000000 -1.000000 -1.000000 -1.000000 -1.000000 -1.000000 -1.000000 
448 2 Car -1 0 -1.000000 357.587038 191.376577 449.289113 267.424757 -1.000000 -1.000000 -1.000000 -1.000000 -1.000000 -1.000000 -1.000000 -1.000000 
448 3 Misc -1 0 -1.000000 442.411034 183.659351 467.853985 212.045288 -1.000000 -1.000000 -1.000000 -1.000000 -1.000000 -1.000000 -1.000000 -1.000000 
449 2 Car -1 0 -1.000000 349.470470 192.664490 446.123928 271.901274 -1.000000 -1.000000 -1.000000 -1.000000 -1.000000 -1.000000 -1.000000 -1.000000 
449 3 Misc -1 0 -1.000000 438.467588 184.898404 464.360326 213.724305 -1.000000 -1.000000 -1.000000 -1.000000 -1.000000 -1.000000 -1.000000 -1.000000 
450 2 Car -1 0 -1.000000 340.747977 194.023680 442.783239 276.712467 -1.000000 -1.000000 -1.000000 -1.000000 -1.000000 -1.000000 -1.000000 -1.000000 
450 3 Misc -1 0 -1.000000 437.379425 186.816457 463.737341 216.106760 -1.000000 -1.000000 -1.000000 -1.000000 -1.000000 -1.000000 -1.000000 -1.000000 
451 2 Car -1 0 -1.000000 331.349062 195.460237 439.252042 281.897322 -1.000000 -1.000000 -1.000000 -1.000000 -1.000000 -1.000000 -1.000000 -1.000000 
451 3 Misc -1 0 -1.000000 437.619347 185.619030 464.380440 215.209348 -1.000000 -1.000000 -1.000000 -1.000000 -1.000000 -1.000000 -1.000000 -1.000000 
452 2 Car -1 0 -1.000000 322.697956 193.503460 436.901628 283.008510 -1.000000 -1.000000 -1.000000 -1.000000 -1.000000 -1.000000 -1.000000 -1.000000 
452 3 Misc -1 0 -1.000000 437.865450 184.392821 465.038881 214.289311 -1.000000 -1.000000 -1.000000 -1.000000 -1.000000 -1.000000 -1.000000 -1.000000 
453 2 Car -1 0 -1.000000 313.248506 191.417386 434.395509 284.222312 -1.000000 -1.000000 -1.000000 -1.000000 -1.000000 -1.000000 -1.000000 -1.000000 
453 3 Misc -1 0 -1.000000 438.117971 183.136778 465.713224 213.345786 -1.000000 -1.000000 -1.000000 -1.000000 -1.000000 -1.000000 -1.000000 -1.000000 
454 2 Car -1 0 -1.000000 304.212543 193.239171 433.130838 291.060585 -1.000000 -1.000000 -1.000000 -1.000000 -1.000000 -1.000000 -1.000000 -1.000000 
454 3 Misc -1 0 -1.000000 438.377158 181.849799 466.404056 212.377861 -1.000000 -1.000000 -1.000000 -1.000000 -1.000000 -1.000000 -1.000000 -1.000000 
455 2 Car -1 0 -1.000000 294.317435 195.182994 431.779777 298.551630 -1.000000 -1.000000 -1.000000 -1.000000 -1.000000 -1.000000 -1.000000 -1.000000 
455 3 Misc -1 0 -1.000000 440.609511 182.871916 469.262575 213.832453 -1.000000 -1.000000 -1.000000 -1.000000 -1.000000 -1.000000 -1.000000 -1.000000 
456 2 Car -1 0 -1.000000 283.434292 197.261571 430.333294 306.793546 -1.000000 -1.000000 -1.000000 -1.000000 -1.000000 -1.000000 -1.000000 -1.000000 
456 3 Misc -1 0 -1.000000 443.375620 186.451431 472.638835 217.999951 -1.000000 -1.000000 -1.000000 -1.000000 -1.000000 -1.000000 -1.000000 -1.000000 
457 2 Car -1 0 -1.000000 271.415388 200.477817 428.788916 317.377600 -1.000000 -1.000000 -1.000000 -1.000000 -1.000000 -1.000000 -1.000000 -1.000000 
457 3 Misc -1 0 -1.000000 446.212656 190.117476 476.094648 222.270714 -1.000000 -1.000000 -1.000000 -1.000000 -1.000000 -1.000000 -1.000000 -1.000000 
458 2 Car -1 0 -1.000000 258.062006 203.933775 427.127446 329.141296 -1.000000 -1.000000 -1.000000 -1.000000 -1.000000 -1.000000 -1.000000 -1.000000 
458 3 Misc -1 0 -1.000000 449.078611 192.944143 479.112177 225.695285 -1.000000 -1.000000 -1.000000 -1.000000 -1.000000 -1.000000 -1.000000 -1.000000 
459 2 Car -1 0 -1.000000 243.275463 203.427430 426.045900 335.873810 -1.000000 -1.000000 -1.000000 -1.000000 -1.000000 -1.000000 -1.000000 -1.000000 
459 3 Misc -1 0 -1.000000 452.933712 192.263134 483.065029 225.418400 -1.000000 -1.000000 -1.000000 -1.000000 -1.000000 -1.000000 -1.000000 -1.000000 
460 2 Car -1 0 -1.000000 226.617683 202.879835 424.871444 343.461393 -1.000000 -1.000000 -1.000000 -1.000000 -1.000000 -1.000000 -1.000000 -1.000000 
460 3 Misc -1 0 -1.000000 456.597525 189.011291 487.514256 222.433285 -1.000000 -1.000000 -1.000000 -1.000000 -1.000000 -1.000000 -1.000000 -1.000000 
461 2 Car -1 0 -1.000000 207.734176 201.847407 423.390270 351.126978 -1.000000 -1.000000 -1.000000 -1.000000 -1.000000 -1.000000 -1.000000 -1.000000 
461 3 Misc -1 0 -1.000000 460.368375 185.670206 492.081878 219.364113 -1.000000 -1.000000 -1.000000 -1.000000 -1.000000 -1.000000 -1.000000 -1.000000 
462 2 Car -1 0 -1.000000 186.187537 200.725300 421.775243 359.877149 -1.000000 -1.000000 -1.000000 -1.000000 -1.000000 -1.000000 -1.000000 -1.000000 
462 3 Misc -1 0 -1.000000 463.867020 184.804846 496.411746 218.931455 -1.000000 -1.000000 -1.000000 -1.000000 -1.000000 -1.000000 -1.000000 -1.000000 
463 2 Car -1 0 -1.000000 161.370390 199.501208 420.007899 369.959879 -1.000000 -1.000000 -1.000000 -1.000000 -1.000000 -1.000000 -1.000000 -1.000000 
463 3 Misc -1 0 -1.000000 467.471336 183.915006 500.860392 218.485948 -1.000000 -1.000000 -1.000000 -1.000000 -1.000000 -1.000000 -1.000000 -1.000000 
464 2 Car -1 0 -1.000000 127.249925 199.912295 415.770207 386.059049 -1.000000 -1.000000 -1.000000 -1.000000 -1.000000 -1.000000 -1.000000 -1.000000 
464 3 Misc -1 0 -1.000000 471.185964 182.999611 505.432965 218.027039 -1.000000 -1.000000 -1.000000 -1.000000 -1.000000 -1.000000 -1.000000 -1.000000 
465 2 Car -1 0 -1.000000 86.403525 200.368401 411.066203 405.342264 -1.000000 -1.000000 -1.000000 -1.000000 -1.000000 -1.000000 -1.000000 -1.000000 
465 3 Misc -1 0 -1.000000 474.477940 182.320128 509.375394 217.869431 -1.000000 -1.000000 -1.000000 -1.000000 -1.000000 -1.000000 -1.000000 -1.000000 
466 2 Car -1 0 -1.000000 36.623392 200.877325 405.814928 428.857874 -1.000000 -1.000000 -1.000000 -1.000000 -1.000000 -1.000000 -1.000000 -1.000000 
466 3 Misc -1 0 -1.000000 477.878241 181.619416 513.439938 217.706605 -1.000000 -1.000000 -1.000000 -1.000000 -1.000000 -1.000000 -1.000000 -1.000000 
467 3 Misc -1 0 -1.000000 481.392224 180.896456 517.632432 217.538302 -1.000000 -1.000000 -1.000000 -1.000000 -1.000000 -1.000000 -1.000000 -1.000000 
468 3 Misc -1 0 -1.000000 485.025600 180.150169 521.959088 217.364249 -1.000000 -1.000000 -1.000000 -1.000000 -1.000000 -1.000000 -1.000000 -1.000000 
469 3 Misc -1 0 -1.000000 488.784473 179.354745 526.426533 217.184151 -1.000000 -1.000000 -1.000000 -1.000000 -1.000000 -1.000000 -1.000000 -1.000000 
470 3 Misc -1 0 -1.000000 492.040372 179.721165 530.098968 218.248025 -1.000000 -1.000000 -1.000000 -1.000000 -1.000000 -1.000000 -1.000000 -1.000000 
471 3 Misc -1 0 -1.000000 495.418719 180.079607 533.900712 219.351922 -1.000000 -1.000000 -1.000000 -1.000000 -1.000000 -1.000000 -1.000000 -1.000000 
471 5 Car -1 0 -1.000000 619.706690 178.385021 650.767562 203.458022 -1.000000 -1.000000 -1.000000 -1.000000 -1.000000 -1.000000 -1.000000 -1.000000 
472 3 Misc -1 0 -1.000000 497.116330 179.362272 536.147277 219.374081 -1.000000 -1.000000 -1.000000 -1.000000 -1.000000 -1.000000 -1.000000 -1.000000 
472 5 Car -1 0 -1.000000 623.812341 178.075503 655.326637 203.471046 -1.000000 -1.000000 -1.000000 -1.000000 -1.000000 -1.000000 -1.000000 -1.000000 
473 3 Misc -1 0 -1.000000 498.880891 178.593991 538.476569 219.397112 -1.000000 -1.000000 -1.000000 -1.000000 -1.000000 -1.000000 -1.000000 -1.000000 
473 5 Car -1 0 -1.000000 628.018204 177.757828 660.005591 203.484389 -1.000000 -1.000000 -1.000000 -1.000000 -1.000000 -1.000000 -1.000000 -1.000000 
474 3 Misc -1 0 -1.000000 499.666621 180.482599 539.931282 222.174275 -1.000000 -1.000000 -1.000000 -1.000000 -1.000000 -1.000000 -1.000000 -1.000000 
474 5 Car -1 0 -1.000000 631.195074 179.263646 663.603985 205.340751 -1.000000 -1.000000 -1.000000 -1.000000 -1.000000 -1.000000 -1.000000 -1.000000 
475 3 Misc -1 0 -1.000000 499.887614 181.040718 541.051577 223.673888 -1.000000 -1.000000 -1.000000 -1.000000 -1.000000 -1.000000 -1.000000 -1.000000 
475 5 Car -1 0 -1.000000 634.452580 180.810790 667.300769 207.247538 -1.000000 -1.000000 -1.000000 -1.000000 -1.000000 -1.000000 -1.000000 -1.000000 
476 3 Misc -1 0 -1.000000 500.118470 181.621909 542.218109 225.239677 -1.000000 -1.000000 -1.000000 -1.000000 -1.000000 -1.000000 -1.000000 -1.000000 
476 5 Car -1 0 -1.000000 636.563660 180.104905 669.899478 206.898895 -1.000000 -1.000000 -1.000000 -1.000000 -1.000000 -1.000000 -1.000000 -1.000000 
477 3 Misc -1 0 -1.000000 499.401324 180.759867 542.535498 225.292527 -1.000000 -1.000000 -1.000000 -1.000000 -1.000000 -1.000000 -1.000000 -1.000000 
477 5 Car -1 0 -1.000000 638.728908 179.379501 672.569989 206.540634 -1.000000 -1.000000 -1.000000 -1.000000 -1.000000 -1.000000 -1.000000 -1.000000 
478 3 Misc -1 0 -1.000000 498.309765 180.031445 542.535001 225.516346 -1.000000 -1.000000 -1.000000 -1.000000 -1.000000 -1.000000 -1.000000 -1.000000 
478 5 Car -1 0 -1.000000 640.950434 178.633757 675.315323 206.172351 -1.000000 -1.000000 -1.000000 -1.000000 -1.000000 -1.000000 -1.000000 -1.000000 
479 3 Misc -1 0 -1.000000 497.167878 179.236404 542.534374 225.750508 -1.000000 -1.000000 -1.000000 -1.000000 -1.000000 -1.000000 -1.000000 -1.000000 
479 5 Car -1 0 -1.000000 643.230458 177.866806 678.138670 205.793622 -1.000000 -1.000000 -1.000000 -1.000000 -1.000000 -1.000000 -1.000000 -1.000000 
480 3 Misc -1 0 -1.000000 496.544776 177.522196 543.067413 225.177926 -1.000000 -1.000000 -1.000000 -1.000000 -1.000000 -1.000000 -1.000000 -1.000000 
480 5 Car -1 0 -1.000000 645.571320 177.077731 681.043408 205.403995 -1.000000 -1.000000 -1.000000 -1.000000 -1.000000 -1.000000 -1.000000 -1.000000 
481 3 Misc -1 0 -1.000000 495.890602 175.721598 543.625152 224.576697 -1.000000 -1.000000 -1.000000 -1.000000 -1.000000 -1.000000 -1.000000 -1.000000 
481 5 Car -1 0 -1.000000 647.707724 175.925426 683.781154 204.656418 -1.000000 -1.000000 -1.000000 -1.000000 -1.000000 -1.000000 -1.000000 -1.000000 
482 3 Misc -1 0 -1.000000 494.091440 175.489516 543.155830 225.569973 -1.000000 -1.000000 -1.000000 -1.000000 -1.000000 -1.000000 -1.000000 -1.000000 
482 5 Car -1 0 -1.000000 649.901912 174.739413 686.598984 203.886989 -1.000000 -1.000000 -1.000000 -1.000000 -1.000000 -1.000000 -1.000000 -1.000000 
483 3 Misc -1 0 -1.000000 492.199955 175.245412 542.664117 226.614293 -1.000000 -1.000000 -1.000000 -1.000000 -1.000000 -1.000000 -1.000000 -1.000000 
483 5 Car -1 0 -1.000000 651.109551 174.841095 688.375409 204.425118 -1.000000 -1.000000 -1.000000 -1.000000 -1.000000 -1.000000 -1.000000 -1.000000 
484 3 Misc -1 0 -1.000000 490.208850 174.988327 542.148377 227.713696 -1.000000 -1.000000 -1.000000 -1.000000 -1.000000 -1.000000 -1.000000 -1.000000 
484 5 Car -1 0 -1.000000 652.351053 174.945869 690.205792 204.979580 -1.000000 -1.000000 -1.000000 -1.000000 -1.000000 -1.000000 -1.000000 -1.000000 
485 3 Misc -1 0 -1.000000 487.499037 175.311231 540.900417 229.458482 -1.000000 -1.000000 -1.000000 -1.000000 -1.000000 -1.000000 -1.000000 -1.000000 
485 5 Car -1 0 -1.000000 653.627862 175.053875 692.092631 205.551130 -1.000000 -1.000000 -1.000000 -1.000000 -1.000000 -1.000000 -1.000000 -1.000000 
486 3 Misc -1 0 -1.000000 484.638970 175.652111 539.589145 231.300101 -1.000000 -1.000000 -1.000000 -1.000000 -1.000000 -1.000000 -1.000000 -1.000000 
486 5 Car -1 0 -1.000000 653.333553 176.910056 692.432118 207.875960 -1.000000 -1.000000 -1.000000 -1.000000 -1.000000 -1.000000 -1.000000 -1.000000 
487 3 Misc -1 0 -1.000000 480.080606 177.884271 536.834206 235.140473 -1.000000 -1.000000 -1.000000 -1.000000 -1.000000 -1.000000 -1.000000 -1.000000 
487 5 Car -1 0 -1.000000 653.030920 178.823100 692.781971 210.272513 -1.000000 -1.000000 -1.000000 -1.000000 -1.000000 -1.000000 -1.000000 -1.000000 
488 3 Misc -1 0 -1.000000 475.249258 180.195042 533.929106 239.211042 -1.000000 -1.000000 -1.000000 -1.000000 -1.000000 -1.000000 -1.000000 -1.000000 
488 5 Car -1 0 -1.000000 652.719603 180.795662 693.142674 212.744160 -1.000000 -1.000000 -1.000000 -1.000000 -1.000000 -1.000000 -1.000000 -1.000000 
489 3 Misc -1 0 -1.000000 470.119646 182.463760 530.861224 243.533146 -1.000000 -1.000000 -1.000000 -1.000000 -1.000000 -1.000000 -1.000000 -1.000000 
489 5 Car -1 0 -1.000000 652.399222 182.671427 693.514740 215.294485 -1.000000 -1.000000 -1.000000 -1.000000 -1.000000 -1.000000 -1.000000 -1.000000 
490 3 Misc -1 0 -1.000000 464.552220 183.081580 527.472964 246.193284 -1.000000 -1.000000 -1.000000 -1.000000 -1.000000 -1.000000 -1.000000 -1.000000 
490 5 Car -1 0 -1.000000 652.069373 184.596094 693.898717 217.927306 -1.000000 -1.000000 -1.000000 -1.000000 -1.000000 -1.000000 -1.000000 -1.000000 
491 3 Misc -1 0 -1.000000 458.612431 183.736548 523.880698 249.031555 -1.000000 -1.000000 -1.000000 -1.000000 -1.000000 -1.000000 -1.000000 -1.000000 
491 5 Car -1 0 -1.000000 651.152237 184.830834 693.732081 218.742364 -1.000000 -1.000000 -1.000000 -1.000000 -1.000000 -1.000000 -1.000000 -1.000000 
492 3 Misc -1 0 -1.000000 452.237620 181.826087 520.041270 249.163935 -1.000000 -1.000000 -1.000000 -1.000000 -1.000000 -1.000000 -1.000000 -1.000000 
492 5 Car -1 0 -1.000000 650.206579 185.072833 693.559700 219.585219 -1.000000 -1.000000 -1.000000 -1.000000 -1.000000 -1.000000 -1.000000 -1.000000 
493 3 Misc -1 0 -1.000000 444.679145 179.842646 515.323606 249.382387 -1.000000 -1.000000 -1.000000 -1.000000 -1.000000 -1.000000 -1.000000 -1.000000 
493 5 Car -1 0 -1.000000 648.803891 183.680019 692.915570 218.652238 -1.000000 -1.000000 -1.000000 -1.000000 -1.000000 -1.000000 -1.000000 -1.000000 
494 3 Misc -1 0 -1.000000 436.554189 177.470196 510.291250 249.617215 -1.000000 -1.000000 -1.000000 -1.000000 -1.000000 -1.000000 -1.000000 -1.000000 
494 5 Car -1 0 -1.000000 647.356077 182.242730 692.248773 217.686259 -1.000000 -1.000000 -1.000000 -1.000000 -1.000000 -1.000000 -1.000000 -1.000000 
495 3 Misc -1 0 -1.000000 427.214499 177.588912 504.403683 252.581755 -1.000000 -1.000000 -1.000000 -1.000000 -1.000000 -1.000000 -1.000000 -1.000000 
495 5 Car -1 0 -1.000000 645.860919 180.737215 691.558096 216.685502 -1.000000 -1.000000 -1.000000 -1.000000 -1.000000 -1.000000 -1.000000 -1.000000 
496 3 Misc -1 0 -1.000000 417.108553 177.717393 498.090313 255.789835 -1.000000 -1.000000 -1.000000 -1.000000 -1.000000 -1.000000 -1.000000 -1.000000 
496 5 Car -1 0 -1.000000 644.522873 180.113412 691.011004 216.700174 -1.000000 -1.000000 -1.000000 -1.000000 -1.000000 -1.000000 -1.000000 -1.000000 
497 3 Misc -1 0 -1.000000 406.138001 177.856896 491.303232 259.272751 -1.000000 -1.000000 -1.000000 -1.000000 -1.000000 -1.000000 -1.000000 -1.000000 
497 5 Car -1 0 -1.000000 643.140778 179.467163 690.444143 216.715374 -1.000000 -1.000000 -1.000000 -1.000000 -1.000000 -1.000000 -1.000000 -1.000000 
498 3 Misc -1 0 -1.000000 395.164550 175.971681 484.849928 261.048238 -1.000000 -1.000000 -1.000000 -1.000000 -1.000000 -1.000000 -1.000000 -1.000000 
498 5 Car -1 0 -1.000000 641.712420 178.797235 689.856427 216.731130 -1.000000 -1.000000 -1.000000 -1.000000 -1.000000 -1.000000 -1.000000 -1.000000 
499 3 Misc -1 0 -1.000000 383.162360 173.909271 477.872103 262.990398 -1.000000 -1.000000 -1.000000 -1.000000 -1.000000 -1.000000 -1.000000 -1.000000 
499 5 Car -1 0 -1.000000 640.213787 175.937162 689.221302 214.570096 -1.000000 -1.000000 -1.000000 -1.000000 -1.000000 -1.000000 -1.000000 -1.000000 
500 3 Misc -1 0 -1.000000 371.437733 171.593332 471.573301 264.979668 -1.000000 -1.000000 -1.000000 -1.000000 -1.000000 -1.000000 -1.000000 -1.000000 
500 5 Car -1 0 -1.000000 638.663334 172.968495 688.561971 212.326168 -1.000000 -1.000000 -1.000000 -1.000000 -1.000000 -1.000000 -1.000000 -1.000000 
501 3 Misc -1 0 -1.000000 358.527639 169.042047 464.728499 267.170358 -1.000000 -1.000000 -1.000000 -1.000000 -1.000000 -1.000000 -1.000000 -1.000000 
501 5 Car -1 0 -1.000000 639.225339 170.301348 689.898741 210.448662 -1.000000 -1.000000 -1.000000 -1.000000 -1.000000 -1.000000 -1.000000 -1.000000 
502 3 Misc -1 0 -1.000000 343.872427 170.788132 456.950072 274.140274 -1.000000 -1.000000 -1.000000 -1.000000 -1.000000 -1.000000 -1.000000 -1.000000 
502 5 Car -1 0 -1.000000 639.808693 167.522607 691.290990 208.493066 -1.000000 -1.000000 -1.000000 -1.000000 -1.000000 -1.000000 -1.000000 -1.000000 
503 3 Misc -1 0 -1.000000 327.567894 172.731832 448.433033 281.895857 -1.000000 -1.000000 -1.000000 -1.000000 -1.000000 -1.000000 -1.000000 -1.000000 
503 5 Car -1 0 -1.000000 640.015529 168.702767 692.304684 210.556618 -1.000000 -1.000000 -1.000000 -1.000000 -1.000000 -1.000000 -1.000000 -1.000000 
504 3 Misc -1 0 -1.000000 309.319005 174.908703 439.066945 290.577883 -1.000000 -1.000000 -1.000000 -1.000000 -1.000000 -1.000000 -1.000000 -1.000000 
504 5 Car -1 0 -1.000000 640.230830 169.934759 693.362401 212.710126 -1.000000 -1.000000 -1.000000 -1.000000 -1.000000 -1.000000 -1.000000 -1.000000 
505 3 Misc -1 0 -1.000000 289.802870 174.443418 429.693146 297.654841 -1.000000 -1.000000 -1.000000 -1.000000 -1.000000 -1.000000 -1.000000 -1.000000 
505 5 Car -1 0 -1.000000 640.455097 171.222068 694.467109 214.959599 -1.000000 -1.000000 -1.000000 -1.000000 -1.000000 -1.000000 -1.000000 -1.000000 
506 3 Misc -1 0 -1.000000 267.580535 173.913244 419.258005 305.732074 -1.000000 -1.000000 -1.000000 -1.000000 -1.000000 -1.000000 -1.000000 -1.000000 
506 5 Car -1 0 -1.000000 639.904087 168.995667 695.444527 213.696980 -1.000000 -1.000000 -1.000000 -1.000000 -1.000000 -1.000000 -1.000000 -1.000000 
507 3 Misc -1 0 -1.000000 242.047148 173.303588 407.570473 315.022707 -1.000000 -1.000000 -1.000000 -1.000000 -1.000000 -1.000000 -1.000000 -1.000000 
507 5 Car -1 0 -1.000000 639.331268 166.669411 696.465064 212.376555 -1.000000 -1.000000 -1.000000 -1.000000 -1.000000 -1.000000 -1.000000 -1.000000 
508 3 Misc -1 0 -1.000000 212.403109 172.595130 394.390721 325.822369 -1.000000 -1.000000 -1.000000 -1.000000 -1.000000 -1.000000 -1.000000 -1.000000 
508 5 Car -1 0 -1.000000 639.448804 165.456707 698.410194 212.283048 -1.000000 -1.000000 -1.000000 -1.000000 -1.000000 -1.000000 -1.000000 -1.000000 
509 3 Misc -1 0 -1.000000 177.568794 171.761732 379.413507 338.531213 -1.000000 -1.000000 -1.000000 -1.000000 -1.000000 -1.000000 -1.000000 -1.000000 
509 5 Car -1 0 -1.000000 639.572255 164.183689 700.451370 212.184740 -1.000000 -1.000000 -1.000000 -1.000000 -1.000000 -1.000000 -1.000000 -1.000000 
510 3 Misc -1 0 -1.000000 137.554151 173.981985 363.555290 357.004641 -1.000000 -1.000000 -1.000000 -1.000000 -1.000000 -1.000000 -1.000000 -1.000000 
510 5 Car -1 0 -1.000000 640.934536 164.247953 703.978922 213.486174 -1.000000 -1.000000 -1.000000 -1.000000 -1.000000 -1.000000 -1.000000 -1.000000 
511 3 Misc -1 0 -1.000000 89.019438 176.680142 345.179985 379.466074 -1.000000 -1.000000 -1.000000 -1.000000 -1.000000 -1.000000 -1.000000 -1.000000 
511 5 Car -1 0 -1.000000 643.162482 164.631291 707.868059 215.184937 -1.000000 -1.000000 -1.000000 -1.000000 -1.000000 -1.000000 -1.000000 -1.000000 
512 3 Misc -1 0 -1.000000 28.919236 180.006949 323.636656 407.363149 -1.000000 -1.000000 -1.000000 -1.000000 -1.000000 -1.000000 -1.000000 -1.000000 
512 5 Car -1 0 -1.000000 645.496982 165.035629 711.969812 216.976436 -1.000000 -1.000000 -1.000000 -1.000000 -1.000000 -1.000000 -1.000000 -1.000000 
513 5 Car -1 0 -1.000000 648.793057 166.883964 717.252337 220.286249 -1.000000 -1.000000 -1.000000 -1.000000 -1.000000 -1.000000 -1.000000 -1.000000 
514 5 Car -1 0 -1.000000 653.069702 174.609130 723.782067 229.601291 -1.000000 -1.000000 -1.000000 -1.000000 -1.000000 -1.000000 -1.000000 -1.000000 
515 5 Car -1 0 -1.000000 657.565293 182.544516 730.699168 239.467668 -1.000000 -1.000000 -1.000000 -1.000000 -1.000000 -1.000000 -1.000000 -1.000000 
516 5 Car -1 0 -1.000000 660.652148 188.039651 736.202701 247.625013 -1.000000 -1.000000 -1.000000 -1.000000 -1.000000 -1.000000 -1.000000 -1.000000 
517 5 Car -1 0 -1.000000 663.906079 193.832585 742.053864 256.297049 -1.000000 -1.000000 -1.000000 -1.000000 -1.000000 -1.000000 -1.000000 -1.000000 
518 5 Car -1 0 -1.000000 667.457452 192.064007 748.409801 256.240307 -1.000000 -1.000000 -1.000000 -1.000000 -1.000000 -1.000000 -1.000000 -1.000000 
519 5 Car -1 0 -1.000000 671.210960 190.194611 755.192158 256.179705 -1.000000 -1.000000 -1.000000 -1.000000 -1.000000 -1.000000 -1.000000 -1.000000 
520 5 Car -1 0 -1.000000 675.184345 188.215520 762.445366 256.114841 -1.000000 -1.000000 -1.000000 -1.000000 -1.000000 -1.000000 -1.000000 -1.000000 
521 5 Car -1 0 -1.000000 679.451796 185.599574 770.216768 255.428321 -1.000000 -1.000000 -1.000000 -1.000000 -1.000000 -1.000000 -1.000000 -1.000000 
522 5 Car -1 0 -1.000000 683.984943 182.820229 778.569024 254.690552 -1.000000 -1.000000 -1.000000 -1.000000 -1.000000 -1.000000 -1.000000 -1.000000 
523 5 Car -1 0 -1.000000 687.820702 181.089465 786.420148 255.409031 -1.000000 -1.000000 -1.000000 -1.000000 -1.000000 -1.000000 -1.000000 -1.000000 
524 5 Car -1 0 -1.000000 691.913763 178.928267 794.911985 256.185848 -1.000000 -1.000000 -1.000000 -1.000000 -1.000000 -1.000000 -1.000000 -1.000000 
525 5 Car -1 0 -1.000000 696.290874 176.508965 804.126365 257.028421 -1.000000 -1.000000 -1.000000 -1.000000 -1.000000 -1.000000 -1.000000 -1.000000 
526 5 Car -1 0 -1.000000 700.532598 174.817578 813.677823 258.909684 -1.000000 -1.000000 -1.000000 -1.000000 -1.000000 -1.000000 -1.000000 -1.000000 
527 5 Car -1 0 -1.000000 705.092005 172.968343 824.121164 260.965949 -1.000000 -1.000000 -1.000000 -1.000000 -1.000000 -1.000000 -1.000000 -1.000000 
528 5 Car -1 0 -1.000000 710.006132 170.938087 835.587499 263.222835 -1.000000 -1.000000 -1.000000 -1.000000 -1.000000 -1.000000 -1.000000 -1.000000 
529 5 Car -1 0 -1.000000 715.318002 168.698868 848.234952 265.711212 -1.000000 -1.000000 -1.000000 -1.000000 -1.000000 -1.000000 -1.000000 -1.000000 
530 5 Car -1 0 -1.000000 721.077890 166.216681 862.256017 268.468634 -1.000000 -1.000000 -1.000000 -1.000000 -1.000000 -1.000000 -1.000000 -1.000000 
531 5 Car -1 0 -1.000000 726.422653 165.266758 877.280536 273.492325 -1.000000 -1.000000 -1.000000 -1.000000 -1.000000 -1.000000 -1.000000 -1.000000 
532 5 Car -1 0 -1.000000 732.270695 164.199311 894.166916 279.139780 -1.000000 -1.000000 -1.000000 -1.000000 -1.000000 -1.000000 -1.000000 -1.000000 
533 5 Car -1 0 -1.000000 738.696610 162.991090 913.284111 285.534862 -1.000000 -1.000000 -1.000000 -1.000000 -1.000000 -1.000000 -1.000000 -1.000000 
534 5 Car -1 0 -1.000000 745.790499 161.612283 935.105449 292.836553 -1.000000 -1.000000 -1.000000 -1.000000 -1.000000 -1.000000 -1.000000 -1.000000 
535 5 Car -1 0 -1.000000 753.662222 160.024019 960.248365 301.252353 -1.000000 -1.000000 -1.000000 -1.000000 -1.000000 -1.000000 -1.000000 -1.000000 
536 5 Car -1 0 -1.000000 762.260691 159.933154 989.777944 312.889178 -1.000000 -1.000000 -1.000000 -1.000000 -1.000000 -1.000000 -1.000000 -1.000000 
537 5 Car -1 0 -1.000000 771.924900 159.826010 1024.612765 326.634789 -1.000000 -1.000000 -1.000000 -1.000000 -1.000000 -1.000000 -1.000000 -1.000000 
538 5 Car -1 0 -1.000000 782.866062 159.697779 1066.323663 343.119517 -1.000000 -1.000000 -1.000000 -1.000000 -1.000000 -1.000000 -1.000000 -1.000000 
539 5 Car -1 0 -1.000000 792.345596 159.613738 1112.209185 363.142358 -1.000000 -1.000000 -1.000000 -1.000000 -1.000000 -1.000000 -1.000000 -1.000000 
540 5 Car -1 0 -1.000000 803.254867 159.509314 1169.265183 388.097617 -1.000000 -1.000000 -1.000000 -1.000000 -1.000000 -1.000000 -1.000000 -1.000000 
578 4 Van -1 2 -1.000000 556.962076 158.570797 595.089293 183.656858 -1.000000 -1.000000 -1.000000 -1.000000 -1.000000 -1.000000 -1.000000 -1.000000 
579 4 Van -1 2 -1.000000 557.329594 158.734227 595.865689 184.087085 -1.000000 -1.000000 -1.000000 -1.000000 -1.000000 -1.000000 -1.000000 -1.000000 
580 4 Van -1 2 -1.000000 557.705053 158.901216 596.657697 184.526579 -1.000000 -1.000000 -1.000000 -1.000000 -1.000000 -1.000000 -1.000000 -1.000000 
581 4 Van -1 2 -1.000000 558.088712 159.071883 597.465793 184.975644 -1.000000 -1.000000 -1.000000 -1.000000 -1.000000 -1.000000 -1.000000 -1.000000 
582 4 Van -1 2 -1.000000 558.480842 159.246351 598.290473 185.434594 -1.000000 -1.000000 -1.000000 -1.000000 -1.000000 -1.000000 -1.000000 -1.000000 
583 4 Van -1 2 -1.000000 558.881725 159.424748 599.132254 185.903760 -1.000000 -1.000000 -1.000000 -1.000000 -1.000000 -1.000000 -1.000000 -1.000000 
584 4 Van -1 2 -1.000000 559.404232 155.995137 600.092174 182.789219 -1.000000 -1.000000 -1.000000 -1.000000 -1.000000 -1.000000 -1.000000 -1.000000 
585 4 Van -1 2 -1.000000 559.938215 152.489523 601.071660 179.606497 -1.000000 -1.000000 -1.000000 -1.000000 -1.000000 -1.000000 -1.000000 -1.000000 
586 4 Van -1 2 -1.000000 560.484054 148.905350 602.071319 176.519693 -1.000000 -1.000000 -1.000000 -1.000000 -1.000000 -1.000000 -1.000000 -1.000000 
587 4 Van -1 2 -1.000000 561.042146 145.239951 603.091781 173.468883 -1.000000 -1.000000 -1.000000 -1.000000 -1.000000 -1.000000 -1.000000 -1.000000 
588 4 Van -1 2 -1.000000 561.612908 141.490533 604.133703 170.354592 -1.000000 -1.000000 -1.000000 -1.000000 -1.000000 -1.000000 -1.000000 -1.000000 
589 4 Van -1 2 -1.000000 562.053327 139.393428 605.031764 168.729449 -1.000000 -1.000000 -1.000000 -1.000000 -1.000000 -1.000000 -1.000000 -1.000000 
590 4 Van -1 2 -1.000000 562.503163 137.251080 605.947567 167.072542 -1.000000 -1.000000 -1.000000 -1.000000 -1.000000 -1.000000 -1.000000 -1.000000 
591 4 Van -1 2 -1.000000 562.962722 135.062009 606.881646 165.382931 -1.000000 -1.000000 -1.000000 -1.000000 -1.000000 -1.000000 -1.000000 -1.000000 
592 4 Van -1 2 -1.000000 563.432319 132.824671 607.834554 163.659637 -1.000000 -1.000000 -1.000000 -1.000000 -1.000000 -1.000000 -1.000000 -1.000000 
593 4 Van -1 2 -1.000000 563.912287 130.537451 608.806869 161.901642 -1.000000 -1.000000 -1.000000 -1.000000 -1.000000 -1.000000 -1.000000 -1.000000 
594 4 Van -1 2 -1.000000 565.486739 131.222248 610.849689 162.816345 -1.000000 -1.000000 -1.000000 -1.000000 -1.000000 -1.000000 -1.000000 -1.000000 
595 4 Van -1 2 -1.000000 567.094192 131.921623 612.932166 163.748536 -1.000000 -1.000000 -1.000000 -1.000000 -1.000000 -1.000000 -1.000000 -1.000000 
596 4 Van -1 2 -1.000000 568.735687 132.636044 615.055473 164.698723 -1.000000 -1.000000 -1.000000 -1.000000 -1.000000 -1.000000 -1.000000 -1.000000 
597 4 Van -1 2 -1.000000 570.412310 133.366000 617.220830 165.667435 -1.000000 -1.000000 -1.000000 -1.000000 -1.000000 -1.000000 -1.000000 -1.000000 
598 4 Van -1 2 -1.000000 572.125192 134.112002 619.429505 166.655219 -1.000000 -1.000000 -1.000000 -1.000000 -1.000000 -1.000000 -1.000000 -1.000000 
599 4 Van -1 2 -1.000000 572.492885 131.683551 620.321336 164.807577 -1.000000 -1.000000 -1.000000 -1.000000 -1.000000 -1.000000 -1.000000 -1.000000 
600 4 Van -1 2 -1.000000 572.868995 129.198888 621.231904 162.921591 -1.000000 -1.000000 -1.000000 -1.000000 -1.000000 -1.000000 -1.000000 -1.000000 
601 4 Van -1 2 -1.000000 573.253814 126.656039 622.161809 160.996054 -1.000000 -1.000000 -1.000000 -1.000000 -1.000000 -1.000000 -1.000000 -1.000000 
602 4 Van -1 2 -1.000000 573.647646 124.052938 623.111672 159.029709 -1.000000 -1.000000 -1.000000 -1.000000 -1.000000 -1.000000 -1.000000 -1.000000 
603 4 Van -1 2 -1.000000 574.050810 121.387415 624.082144 157.021244 -1.000000 -1.000000 -1.000000 -1.000000 -1.000000 -1.000000 -1.000000 -1.000000 
604 4 Van -1 2 -1.000000 574.224140 121.664361 624.789427 157.631946 -1.000000 -1.000000 -1.000000 -1.000000 -1.000000 -1.000000 -1.000000 -1.000000 
605 4 Van -1 2 -1.000000 574.401433 121.947715 625.511474 158.255240 -1.000000 -1.000000 -1.000000 -1.000000 -1.000000 -1.000000 -1.000000 -1.000000 
606 4 Van -1 2 -1.000000 574.582825 122.237702 626.248754 158.891521 -1.000000 -1.000000 -1.000000 -1.000000 -1.000000 -1.000000 -1.000000 -1.000000 
607 4 Van -1 2 -1.000000 574.768460 122.534557 627.001752 159.541199 -1.000000 -1.000000 -1.000000 -1.000000 -1.000000 -1.000000 -1.000000 -1.000000 
608 4 Van -1 2 -1.000000 574.958489 122.838528 627.770979 160.204701 -1.000000 -1.000000 -1.000000 -1.000000 -1.000000 -1.000000 -1.000000 -1.000000 
609 4 Van -1 2 -1.000000 574.306964 121.546132 627.706980 159.438639 -1.000000 -1.000000 -1.000000 -1.000000 -1.000000 -1.000000 -1.000000 -1.000000 
610 4 Van -1 2 -1.000000 573.640500 120.223742 627.641650 158.656823 -1.000000 -1.000000 -1.000000 -1.000000 -1.000000 -1.000000 -1.000000 -1.000000 
611 4 Van -1 2 -1.000000 572.958575 118.870303 627.574946 157.858763 -1.000000 -1.000000 -1.000000 -1.000000 -1.000000 -1.000000 -1.000000 -1.000000 
612 4 Van -1 2 -1.000000 572.260647 117.484707 627.506826 157.043948 -1.000000 -1.000000 -1.000000 -1.000000 -1.000000 -1.000000 -1.000000 -1.000000 
613 4 Van -1 2 -1.000000 571.546144 116.065796 627.437243 156.211844 -1.000000 -1.000000 -1.000000 -1.000000 -1.000000 -1.000000 -1.000000 -1.000000 
614 4 Van -1 2 -1.000000 571.590617 113.652949 628.059696 154.484834 -1.000000 -1.000000 -1.000000 -1.000000 -1.000000 -1.000000 -1.000000 -1.000000 
615 4 Van -1 2 -1.000000 571.636094 111.185022 628.694814 152.723142 -1.000000 -1.000000 -1.000000 -1.000000 -1.000000 -1.000000 -1.000000 -1.000000 
616 4 Van -1 2 -1.000000 571.682608 108.660109 629.342986 150.925714 -1.000000 -1.000000 -1.000000 -1.000000 -1.000000 -1.000000 -1.000000 -1.000000 
617 4 Van -1 2 -1.000000 571.730195 106.076212 630.004620 149.091451 -1.000000 -1.000000 -1.000000 -1.000000 -1.000000 -1.000000 -1.000000 -1.000000 
618 4 Van -1 2 -1.000000 571.778892 103.431241 630.680138 147.219208 -1.000000 -1.000000 -1.000000 -1.000000 -1.000000 -1.000000 -1.000000 -1.000000 
619 4 Van -1 2 -1.000000 571.944336 103.639662 631.409198 147.808436 -1.000000 -1.000000 -1.000000 -1.000000 -1.000000 -1.000000 -1.000000 -1.000000 
620 4 Van -1 2 -1.000000 572.113281 103.852560 632.152131 148.408720 -1.000000 -1.000000 -1.000000 -1.000000 -1.000000 -1.000000 -1.000000 -1.000000 
621 4 Van -1 2 -1.000000 572.285839 104.070081 632.909336 149.020373 -1.000000 -1.000000 -1.000000 -1.000000 -1.000000 -1.000000 -1.000000 -1.000000 
622 4 Van -1 2 -1.000000 572.462128 104.292377 633.681231 149.643722 -1.000000 -1.000000 -1.000000 -1.000000 -1.000000 -1.000000 -1.000000 -1.000000 
623 4 Van -1 2 -1.000000 572.642270 104.519607 634.468245 150.279104 -1.000000 -1.000000 -1.000000 -1.000000 -1.000000 -1.000000 -1.000000 -1.000000 
624 4 Van -1 2 -1.000000 577.960228 105.525781 640.347572 151.553068 -1.000000 -1.000000 -1.000000 -1.000000 -1.000000 -1.000000 -1.000000 -1.000000 
625 4 Van -1 2 -1.000000 583.383929 106.552994 646.335153 152.849546 -1.000000 -1.000000 -1.000000 -1.000000 -1.000000 -1.000000 -1.000000 -1.000000 
626 4 Van -1 2 -1.000000 588.916462 107.601890 652.434088 154.169157 -1.000000 -1.000000 -1.000000 -1.000000 -1.000000 -1.000000 -1.000000 -1.000000 
627 4 Van -1 2 -1.000000 594.561035 108.673139 658.647594 155.512545 -1.000000 -1.000000 -1.000000 -1.000000 -1.000000 -1.000000 -1.000000 -1.000000 
628 4 Van -1 2 -1.000000 600.320987 109.767437 664.979017 156.880376 -1.000000 -1.000000 -1.000000 -1.000000 -1.000000 -1.000000 -1.000000 -1.000000 
629 4 Van -1 2 -1.000000 613.028227 113.537480 678.339584 160.630009 -1.000000 -1.000000 -1.000000 -1.000000 -1.000000 -1.000000 -1.000000 -1.000000 
630 4 Van -1 2 -1.000000 626.042623 117.405449 692.011568 164.461750 -1.000000 -1.000000 -1.000000 -1.000000 -1.000000 -1.000000 -1.000000 -1.000000 
631 4 Van -1 2 -1.000000 639.374648 121.374900 706.006672 168.378554 -1.000000 -1.000000 -1.000000 -1.000000 -1.000000 -1.000000 -1.000000 -1.000000 
632 4 Van -1 2 -1.000000 653.035254 125.449558 720.337187 172.383521 -1.000000 -1.000000 -1.000000 -1.000000 -1.000000 -1.000000 -1.000000 -1.000000 
633 4 Van -1 2 -1.000000 667.035903 129.633333 735.016037 176.479899 -1.000000 -1.000000 -1.000000 -1.000000 -1.000000 -1.000000 -1.000000 -1.000000 
634 4 Van -1 2 -1.000000 679.606553 133.479765 747.888028 180.729039 -1.000000 -1.000000 -1.000000 -1.000000 -1.000000 -1.000000 -1.000000 -1.000000 
635 4 Van -1 2 -1.000000 692.480713 137.424856 761.058673 185.166997 -1.000000 -1.000000 -1.000000 -1.000000 -1.000000 -1.000000 -1.000000 -1.000000 
636 4 Van -1 2 -1.000000 704.386561 139.391243 773.387242 187.678170 -1.000000 -1.000000 -1.000000 -1.000000 -1.000000 -1.000000 -1.000000 -1.000000 
637 4 Van -1 1 -1.000000 716.584716 141.409123 786.007045 190.250101 -1.000000 -1.000000 -1.000000 -1.000000 -1.000000 -1.000000 -1.000000 -1.000000 
638 4 Van -1 1 -1.000000 729.085746 143.480474 798.928803 192.884975 -1.000000 -1.000000 -1.000000 -1.000000 -1.000000 -1.000000 -1.000000 -1.000000 
639 4 Van -1 1 -1.000000 739.789485 145.806979 810.193757 195.722577 -1.000000 -1.000000 -1.000000 -1.000000 -1.000000 -1.000000 -1.000000 -1.000000 
640 4 Van -1 1 -1.000000 750.736368 148.189998 821.707160 198.710409 -1.000000 -1.000000 -1.000000 -1.000000 -1.000000 -1.000000 -1.000000 -1.000000 
641 4 Van -1 1 -1.000000 761.934477 150.631536 833.477572 201.771108 -1.000000 -1.000000 -1.000000 -1.000000 -1.000000 -1.000000 -1.000000 -1.000000 
642 4 Van -1 1 -1.000000 772.356002 151.340458 844.543008 203.075548 -1.000000 -1.000000 -1.000000 -1.000000 -1.000000 -1.000000 -1.000000 -1.000000 
643 4 Van -1 1 -1.000000 783.007138 152.066323 855.847089 204.410454 -1.000000 -1.000000 -1.000000 -1.000000 -1.000000 -1.000000 -1.000000 -1.000000 
644 4 Van -1 1 -1.000000 792.156731 153.791326 865.571561 206.697361 -1.000000 -1.000000 -1.000000 -1.000000 -1.000000 -1.000000 -1.000000 -1.000000 
645 4 Van -1 1 -1.000000 801.491873 155.553805 875.488199 209.033584 -1.000000 -1.000000 -1.000000 -1.000000 -1.000000 -1.000000 -1.000000 -1.000000 
646 4 Van -1 1 -1.000000 811.018090 157.354951 885.602903 211.420695 -1.000000 -1.000000 -1.000000 -1.000000 -1.000000 -1.000000 -1.000000 -1.000000 
647 4 Van -1 1 -1.000000 819.773427 158.056402 894.994733 212.667575 -1.000000 -1.000000 -1.000000 -1.000000 -1.000000 -1.000000 -1.000000 -1.000000 
648 4 Van -1 0 -1.000000 828.695047 158.772260 904.562096 213.939605 -1.000000 -1.000000 -1.000000 -1.000000 -1.000000 -1.000000 -1.000000 -1.000000 
649 4 Van -1 0 -1.000000 837.787569 159.502955 914.310098 215.237535 -1.000000 -1.000000 -1.000000 -1.000000 -1.000000 -1.000000 -1.000000 -1.000000 
650 4 Van -1 0 -1.000000 844.239649 160.733968 921.523733 216.877398 -1.000000 -1.000000 -1.000000 -1.000000 -1.000000 -1.000000 -1.000000 -1.000000 
651 4 Van -1 0 -1.000000 850.779901 161.983232 928.837217 218.541164 -1.000000 -1.000000 -1.000000 -1.000000 -1.000000 -1.000000 -1.000000 -1.000000 
652 4 Van -1 0 -1.000000 857.410040 163.251125 936.252733 220.229327 -1.000000 -1.000000 -1.000000 -1.000000 -1.000000 -1.000000 -1.000000 -1.000000 
653 4 Van -1 0 -1.000000 864.131821 164.538037 943.772530 221.942401 -1.000000 -1.000000 -1.000000 -1.000000 -1.000000 -1.000000 -1.000000 -1.000000 
654 4 Van -1 0 -1.000000 870.583991 165.557018 950.831956 223.427990 -1.000000 -1.000000 -1.000000 -1.000000 -1.000000 -1.000000 -1.000000 -1.000000 
655 4 Van -1 0 -1.000000 877.134429 166.592698 957.997470 224.937712 -1.000000 -1.000000 -1.000000 -1.000000 -1.000000 -1.000000 -1.000000 -1.000000 
656 4 Van -1 0 -1.000000 883.785332 167.645480 965.271538 226.472148 -1.000000 -1.000000 -1.000000 -1.000000 -1.000000 -1.000000 -1.000000 -1.000000 
657 4 Van -1 0 -1.000000 890.538963 168.715776 972.656700 228.031896 -1.000000 -1.000000 -1.000000 -1.000000 -1.000000 -1.000000 -1.000000 -1.000000 
658 4 Van -1 0 -1.000000 897.397653 169.804014 980.155582 229.617575 -1.000000 -1.000000 -1.000000 -1.000000 -1.000000 -1.000000 -1.000000 -1.000000 
659 4 Van -1 0 -1.000000 903.876624 170.928888 987.365817 231.274874 -1.000000 -1.000000 -1.000000 -1.000000 -1.000000 -1.000000 -1.000000 -1.000000 
660 4 Van -1 0 -1.000000 910.463596 172.073937 994.694478 232.961680 -1.000000 -1.000000 -1.000000 -1.000000 -1.000000 -1.000000 -1.000000 -1.000000 
661 4 Van -1 0 -1.000000 917.161224 173.239692 1002.144567 234.678773 -1.000000 -1.000000 -1.000000 -1.000000 -1.000000 -1.000000 -1.000000 -1.000000 
662 4 Van -1 0 -1.000000 923.972247 174.426707 1009.719187 236.426962 -1.000000 -1.000000 -1.000000 -1.000000 -1.000000 -1.000000 -1.000000 -1.000000 
663 4 Van -1 0 -1.000000 930.899500 175.478575 1017.421550 238.207085 -1.000000 -1.000000 -1.000000 -1.000000 -1.000000 -1.000000 -1.000000 -1.000000 
664 4 Van -1 0 -1.000000 935.804853 176.184010 1022.665025 239.578715 -1.000000 -1.000000 -1.000000 -1.000000 -1.000000 -1.000000 -1.000000 -1.000000 
665 4 Van -1 0 -1.000000 940.790848 176.900168 1027.988172 240.974241 -1.000000 -1.000000 -1.000000 -1.000000 -1.000000 -1.000000 -1.000000 -1.000000 
666 4 Van -1 0 -1.000000 945.859486 177.627295 1033.392825 242.394294 -1.000000 -1.000000 -1.000000 -1.000000 -1.000000 -1.000000 -1.000000 -1.000000 
667 4 Van -1 0 -1.000000 951.012833 178.365647 1038.880875 243.839525 -1.000000 -1.000000 -1.000000 -1.000000 -1.000000 -1.000000 -1.000000 -1.000000 
668 4 Van -1 0 -1.000000 954.322252 179.261689 1042.679791 245.440581 -1.000000 -1.000000 -1.000000 -1.000000 -1.000000 -1.000000 -1.000000 -1.000000 
669 4 Van -1 0 -1.000000 957.683851 180.170789 1046.534018 247.068445 -1.000000 -1.000000 -1.000000 -1.000000 -1.000000 -1.000000 -1.000000 -1.000000 
670 4 Van -1 0 -1.000000 961.098869 181.093234 1050.444773 248.723795 -1.000000 -1.000000 -1.000000 -1.000000 -1.000000 -1.000000 -1.000000 -1.000000 
671 4 Van -1 0 -1.000000 963.249191 182.181950 1053.152339 250.513102 -1.000000 -1.000000 -1.000000 -1.000000 -1.000000 -1.000000 -1.000000 -1.000000 
672 4 Van -1 0 -1.000000 965.429726 183.284836 1055.895078 252.329148 -1.000000 -1.000000 -1.000000 -1.000000 -1.000000 -1.000000 -1.000000 -1.000000 
673 4 Van -1 0 -1.000000 967.641112 184.402170 1058.673683 254.172534 -1.000000 -1.000000 -1.000000 -1.000000 -1.000000 -1.000000 -1.000000 -1.000000 
674 4 Van -1 0 -1.000000 968.326697 185.690417 1059.458845 256.178871 -1.000000 -1.000000 -1.000000 -1.000000 -1.000000 -1.000000 -1.000000 -1.000000 
675 4 Van -1 0 -1.000000 969.021806 186.993052 1060.252566 258.213079 -1.000000 -1.000000 -1.000000 -1.000000 -1.000000 -1.000000 -1.000000 -1.000000 
676 4 Van -1 0 -1.000000 969.726630 188.310318 1061.054991 260.275741 -1.000000 -1.000000 -1.000000 -1.000000 -1.000000 -1.000000 -1.000000 -1.000000 
677 4 Van -1 0 -1.000000 970.441367 189.642465 1061.866270 262.367452 -1.000000 -1.000000 -1.000000 -1.000000 -1.000000 -1.000000 -1.000000 -1.000000 
678 4 Van -1 0 -1.000000 971.166220 190.958262 1062.686554 264.488831 -1.000000 -1.000000 -1.000000 -1.000000 -1.000000 -1.000000 -1.000000 -1.000000 
679 4 Van -1 0 -1.000000 970.618268 191.593282 1062.089836 265.715141 -1.000000 -1.000000 -1.000000 -1.000000 -1.000000 -1.000000 -1.000000 -1.000000 
680 4 Van -1 0 -1.000000 970.064479 192.234134 1061.487147 266.956008 -1.000000 -1.000000 -1.000000 -1.000000 -1.000000 -1.000000 -1.000000 -1.000000 
681 4 Van -1 0 -1.000000 969.504747 192.880903 1060.878407 268.211690 -1.000000 -1.000000 -1.000000 -1.000000 -1.000000 -1.000000 -1.000000 -1.000000 
682 4 Van -1 0 -1.000000 968.938962 193.533671 1060.263535 269.482448 -1.000000 -1.000000 -1.000000 -1.000000 -1.000000 -1.000000 -1.000000 -1.000000 
683 4 Van -1 0 -1.000000 968.367012 194.192526 1059.642447 270.768554 -1.000000 -1.000000 -1.000000 -1.000000 -1.000000 -1.000000 -1.000000 -1.000000 
684 4 Van -1 0 -1.000000 967.868968 195.598800 1059.071448 273.069508 -1.000000 -1.000000 -1.000000 -1.000000 -1.000000 -1.000000 -1.000000 -1.000000 
685 4 Van -1 0 -1.000000 967.364815 197.020226 1058.493661 275.402788 -1.000000 -1.000000 -1.000000 -1.000000 -1.000000 -1.000000 -1.000000 -1.000000 
686 4 Van -1 0 -1.000000 966.854419 198.457057 1057.908980 277.769067 -1.000000 -1.000000 -1.000000 -1.000000 -1.000000 -1.000000 -1.000000 -1.000000 
687 4 Van -1 0 -1.000000 966.337643 199.909551 1057.317297 280.169040 -1.000000 -1.000000 -1.000000 -1.000000 -1.000000 -1.000000 -1.000000 -1.000000 
688 4 Van -1 0 -1.000000 965.814347 201.377973 1056.718500 282.603421 -1.000000 -1.000000 -1.000000 -1.000000 -1.000000 -1.000000 -1.000000 -1.000000 
689 4 Van -1 0 -1.000000 965.548361 201.087529 1056.371893 282.839559 -1.000000 -1.000000 -1.000000 -1.000000 -1.000000 -1.000000 -1.000000 -1.000000 
690 4 Van -1 0 -1.000000 965.279242 200.793811 1056.020714 283.079030 -1.000000 -1.000000 -1.000000 -1.000000 -1.000000 -1.000000 -1.000000 -1.000000 
691 4 Van -1 0 -1.000000 965.006915 200.496761 1055.664888 283.321907 -1.000000 -1.000000 -1.000000 -1.000000 -1.000000 -1.000000 -1.000000 -1.000000 
692 4 Van -1 0 -1.000000 964.731303 200.196322 1055.304341 283.568268 -1.000000 -1.000000 -1.000000 -1.000000 -1.000000 -1.000000 -1.000000 -1.000000 
693 4 Van -1 0 -1.000000 964.452327 199.892431 1054.938993 283.818190 -1.000000 -1.000000 -1.000000 -1.000000 -1.000000 -1.000000 -1.000000 -1.000000 
694 4 Van -1 0 -1.000000 964.530392 199.017322 1054.899829 283.466697 -1.000000 -1.000000 -1.000000 -1.000000 -1.000000 -1.000000 -1.000000 -1.000000 
695 4 Van -1 0 -1.000000 964.610913 198.130011 1054.859348 283.108388 -1.000000 -1.000000 -1.000000 -1.000000 -1.000000 -1.000000 -1.000000 -1.000000 
696 4 Van -1 0 -1.000000 964.693949 197.230232 1054.817531 282.743075 -1.000000 -1.000000 -1.000000 -1.000000 -1.000000 -1.000000 -1.000000 -1.000000 
697 4 Van -1 0 -1.000000 964.779560 196.317715 1054.774356 282.370560 -1.000000 -1.000000 -1.000000 -1.000000 -1.000000 -1.000000 -1.000000 -1.000000 
698 4 Van -1 0 -1.000000 964.867812 195.392181 1054.729803 281.990643 -1.000000 -1.000000 -1.000000 -1.000000 -1.000000 -1.000000 -1.000000 -1.000000 
699 4 Van -1 0 -1.000000 963.405785 193.913180 1053.001722 281.111481 -1.000000 -1.000000 -1.000000 -1.000000 -1.000000 -1.000000 -1.000000 -1.000000 
700 4 Van -1 0 -1.000000 961.910961 192.404397 1051.240722 280.210008 -1.000000 -1.000000 -1.000000 -1.000000 -1.000000 -1.000000 -1.000000 -1.000000 
701 4 Van -1 0 -1.000000 960.382107 190.792694 1049.445931 279.285417 -1.000000 -1.000000 -1.000000 -1.000000 -1.000000 -1.000000 -1.000000 -1.000000 
702 4 Van -1 0 -1.000000 958.817930 189.151748 1047.616442 278.336861 -1.000000 -1.000000 -1.000000 -1.000000 -1.000000 -1.000000 -1.000000 -1.000000 
703 4 Van -1 0 -1.000000 957.217074 187.480730 1046.430399 277.363452 -1.000000 -1.000000 -1.000000 -1.000000 -1.000000 -1.000000 -1.000000 -1.000000 
703 6 Car -1 2 -1.000000 193.572250 154.930947 372.998068 230.928993 -1.000000 -1.000000 -1.000000 -1.000000 -1.000000 -1.000000 -1.000000 -1.000000 
704 4 Van -1 0 -1.000000 950.527270 185.378070 1040.726127 275.955122 -1.000000 -1.000000 -1.000000 -1.000000 -1.000000 -1.000000 -1.000000 -1.000000 
704 6 Car -1 2 -1.000000 172.676883 154.106656 358.479728 232.622126 -1.000000 -1.000000 -1.000000 -1.000000 -1.000000 -1.000000 -1.000000 -1.000000 
705 4 Van -1 0 -1.000000 943.651321 183.236714 1034.847623 274.502929 -1.000000 -1.000000 -1.000000 -1.000000 -1.000000 -1.000000 -1.000000 -1.000000 
705 6 Car -1 2 -1.000000 150.448149 153.226974 343.067294 234.429737 -1.000000 -1.000000 -1.000000 -1.000000 -1.000000 -1.000000 -1.000000 -1.000000 
706 4 Van -1 0 -1.000000 936.580860 181.055437 1028.787586 273.005155 -1.000000 -1.000000 -1.000000 -1.000000 -1.000000 -1.000000 -1.000000 -1.000000 
706 6 Car -1 2 -1.000000 126.751962 152.286100 326.677950 236.363843 -1.000000 -1.000000 -1.000000 -1.000000 -1.000000 -1.000000 -1.000000 -1.000000 
707 4 Van -1 0 -1.000000 929.307049 178.832962 1022.538341 271.459998 -1.000000 -1.000000 -1.000000 -1.000000 -1.000000 -1.000000 -1.000000 -1.000000 
707 6 Car -1 2 -1.000000 101.435634 151.277393 309.218331 238.438205 -1.000000 -1.000000 -1.000000 -1.000000 -1.000000 -1.000000 -1.000000 -1.000000 
708 4 Van -1 0 -1.000000 921.820543 176.557928 1016.091817 269.865561 -1.000000 -1.000000 -1.000000 -1.000000 -1.000000 -1.000000 -1.000000 -1.000000 
708 6 Car -1 2 -1.000000 46.273386 149.721748 277.680073 240.751034 -1.000000 -1.000000 -1.000000 -1.000000 -1.000000 -1.000000 -1.000000 -1.000000 
709 4 Van -1 0 -1.000000 911.973675 175.353720 1007.590199 270.420314 -1.000000 -1.000000 -1.000000 -1.000000 -1.000000 -1.000000 -1.000000 -1.000000 
710 4 Van -1 0 -1.000000 901.746157 174.103706 998.735521 270.989149 -1.000000 -1.000000 -1.000000 -1.000000 -1.000000 -1.000000 -1.000000 -1.000000 
711 4 Van -1 0 -1.000000 891.114614 172.805526 989.507964 271.572754 -1.000000 -1.000000 -1.000000 -1.000000 -1.000000 -1.000000 -1.000000 -1.000000 
712 4 Van -1 0 -1.000000 880.053862 171.456655 979.886338 272.171867 -1.000000 -1.000000 -1.000000 -1.000000 -1.000000 -1.000000 -1.000000 -1.000000 
713 4 Van -1 0 -1.000000 868.536714 170.054391 969.847956 272.787282 -1.000000 -1.000000 -1.000000 -1.000000 -1.000000 -1.000000 -1.000000 -1.000000 
714 4 Van -1 0 -1.000000 858.665532 168.722766 962.646027 274.405171 -1.000000 -1.000000 -1.000000 -1.000000 -1.000000 -1.000000 -1.000000 -1.000000 
715 4 Van -1 0 -1.000000 846.199365 167.313960 954.977691 276.108146 -1.000000 -1.000000 -1.000000 -1.000000 -1.000000 -1.000000 -1.000000 -1.000000 
716 4 Van -1 0 -1.000000 833.210935 165.821456 946.801183 277.903399 -1.000000 -1.000000 -1.000000 -1.000000 -1.000000 -1.000000 -1.000000 -1.000000 
717 4 Van -1 0 -1.000000 819.663368 164.237986 938.069902 279.798964 -1.000000 -1.000000 -1.000000 -1.000000 -1.000000 -1.000000 -1.000000 -1.000000 
718 4 Van -1 0 -1.000000 805.516111 162.555412 928.731681 281.803843 -1.000000 -1.000000 -1.000000 -1.000000 -1.000000 -1.000000 -1.000000 -1.000000 
718 7 Car -1 2 -1.000000 796.969326 174.881707 870.306256 238.470426 -1.000000 -1.000000 -1.000000 -1.000000 -1.000000 -1.000000 -1.000000 -1.000000 
718 8 Car -1 2 -1.000000 798.885920 182.300908 856.544236 228.305367 -1.000000 -1.000000 -1.000000 -1.000000 -1.000000 -1.000000 -1.000000 -1.000000 
719 4 Van -1 0 -1.000000 795.325821 161.025800 924.075773 285.172759 -1.000000 -1.000000 -1.000000 -1.000000 -1.000000 -1.000000 -1.000000 -1.000000 
719 7 Car -1 2 -1.000000 785.786979 175.477024 861.300272 240.880976 -1.000000 -1.000000 -1.000000 -1.000000 -1.000000 -1.000000 -1.000000 -1.000000 
719 8 Car -1 2 -1.000000 787.093479 182.235803 845.973431 229.129886 -1.000000 -1.000000 -1.000000 -1.000000 -1.000000 -1.000000 -1.000000 -1.000000 
720 4 Van -1 0 -1.000000 784.538611 159.366652 918.995826 288.823912 -1.000000 -1.000000 -1.000000 -1.000000 -1.000000 -1.000000 -1.000000 -1.000000 
720 7 Car -1 2 -1.000000 774.056116 176.107480 851.751748 243.431218 -1.000000 -1.000000 -1.000000 -1.000000 -1.000000 -1.000000 -1.000000 -1.000000 
720 8 Car -1 2 -1.000000 774.883707 182.168621 834.960798 229.986692 -1.000000 -1.000000 -1.000000 -1.000000 -1.000000 -1.000000 -1.000000 -1.000000 
721 4 Van -1 0 -1.000000 779.438353 158.196208 924.032313 294.528104 -1.000000 -1.000000 -1.000000 -1.000000 -1.000000 -1.000000 -1.000000 -1.000000 
721 7 Car -1 2 -1.000000 761.733992 176.776199 841.612048 246.133585 -1.000000 -1.000000 -1.000000 -1.000000 -1.000000 -1.000000 -1.000000 -1.000000 
721 8 Car -1 2 -1.000000 762.232995 182.099249 823.479397 230.877733 -1.000000 -1.000000 -1.000000 -1.000000 -1.000000 -1.000000 -1.000000 -1.000000 
722 4 Van -1 0 -1.000000 773.964869 156.896383 929.604013 300.864258 -1.000000 -1.000000 -1.000000 -1.000000 -1.000000 -1.000000 -1.000000 -1.000000 
722 7 Car -1 2 -1.000000 756.265267 175.472822 840.179642 247.133028 -1.000000 -1.000000 -1.000000 -1.000000 -1.000000 -1.000000 -1.000000 -1.000000 
722 8 Car -1 2 -1.000000 754.704477 182.010559 818.167725 231.866608 -1.000000 -1.000000 -1.000000 -1.000000 -1.000000 -1.000000 -1.000000 -1.000000 
723 4 Van -1 0 -1.000000 768.073825 155.444476 935.804257 307.943568 -1.000000 -1.000000 -1.000000 -1.000000 -1.000000 -1.000000 -1.000000 -1.000000 
723 7 Car -1 2 -1.000000 750.491073 174.080261 838.633300 248.198914 -1.000000 -1.000000 -1.000000 -1.000000 -1.000000 -1.000000 -1.000000 -1.000000 
723 8 Car -1 2 -1.000000 746.874242 181.918544 812.595798 232.900212 -1.000000 -1.000000 -1.000000 -1.000000 -1.000000 -1.000000 -1.000000 -1.000000 
724 4 Van -1 0 -1.000000 769.341231 155.766848 954.207612 319.539731 -1.000000 -1.000000 -1.000000 -1.000000 -1.000000 -1.000000 -1.000000 -1.000000 
724 7 Car -1 2 -1.000000 744.383992 172.589168 836.960641 249.338233 -1.000000 -1.000000 -1.000000 -1.000000 -1.000000 -1.000000 -1.000000 -1.000000 
724 8 Car -1 2 -1.000000 744.758882 183.632147 813.122028 236.475703 -1.000000 -1.000000 -1.000000 -1.000000 -1.000000 -1.000000 -1.000000 -1.000000 
725 4 Van -1 0 -1.000000 770.740636 156.141354 975.532858 332.982480 -1.000000 -1.000000 -1.000000 -1.000000 -1.000000 -1.000000 -1.000000 -1.000000 
725 7 Car -1 2 -1.000000 743.536353 174.753549 840.983417 254.767136 -1.000000 -1.000000 -1.000000 -1.000000 -1.000000 -1.000000 -1.000000 -1.000000 
725 8 Car -1 2 -1.000000 742.529910 185.438248 813.679208 240.279343 -1.000000 -1.000000 -1.000000 -1.000000 -1.000000 -1.000000 -1.000000 -1.000000 
726 4 Van -1 0 -1.000000 772.292989 156.581482 1000.537647 348.750791 -1.000000 -1.000000 -1.000000 -1.000000 -1.000000 -1.000000 -1.000000 -1.000000 
726 7 Car -1 2 -1.000000 742.629993 177.109884 845.360340 260.677535 -1.000000 -1.000000 -1.000000 -1.000000 -1.000000 -1.000000 -1.000000 -1.000000 
726 8 Car -1 2 -1.000000 740.177752 187.344568 814.270361 244.333649 -1.000000 -1.000000 -1.000000 -1.000000 -1.000000 -1.000000 -1.000000 -1.000000 
727 4 Van -1 0 -1.000000 774.023883 157.105806 1030.266459 367.504968 -1.000000 -1.000000 -1.000000 -1.000000 -1.000000 -1.000000 -1.000000 -1.000000 
727 7 Car -1 2 -1.000000 742.684740 179.713001 851.464487 267.191555 -1.000000 -1.000000 -1.000000 -1.000000 -1.000000 -1.000000 -1.000000 -1.000000 
727 8 Car -1 2 -1.000000 737.691722 189.359711 814.898917 248.664200 -1.000000 -1.000000 -1.000000 -1.000000 -1.000000 -1.000000 -1.000000 -1.000000 
728 4 Van -1 0 -1.000000 775.964924 157.740645 1066.200537 390.181428 -1.000000 -1.000000 -1.000000 -1.000000 -1.000000 -1.000000 -1.000000 -1.000000 
728 7 Car -1 2 -1.000000 742.745790 181.983263 858.162292 274.342144 -1.000000 -1.000000 -1.000000 -1.000000 -1.000000 -1.000000 -1.000000 -1.000000 
728 8 Car -1 2 -1.000000 735.059860 191.493293 815.568793 253.300182 -1.000000 -1.000000 -1.000000 -1.000000 -1.000000 -1.000000 -1.000000 -1.000000 
