[ 411.29983521  185.63667297  569.07067871  278.57858276]
[ 1046.46838379   257.85229492   782.71722412   234.10702515]
[ 323.07574463   93.09211731  202.10551453  231.87686157]
[  432.14431763     3.20581555  1056.18261719   136.26045227]
[ 116.77145386  149.48591614   14.21705723   77.25080109]
[ 722.59295654  -77.58062744  723.59667969  260.09927368]
[ 721.96954346  214.53729248  945.92041016  257.55892944]
[ 295.84259033  150.53727722  647.44946289  166.73931885]
[  330.55697632   154.42172241  1171.14147949    81.86105347]
[ 394.70339966  103.46486664 -104.89550018  134.93408203]
[ 231.16075134  123.68949127   83.82150269  187.61962891]
[ 355.95767212  105.8335495   630.63250732  311.67428589]
[ 309.4125061   171.12825012  282.13897705  168.73812866]
[ 401.51089478  175.43327332  952.30731201  267.98703003]
[ 408.57861328  199.97689819  936.81768799  228.35746765]
[ 618.1963501    89.83094025  672.44732666  270.75772095]
[ 636.44342041   71.8321991   716.5904541   375.29699707]
[  89.05006409  166.81159973  229.91744995  276.39208984]
[ 530.58575439  214.75234985  705.9241333   165.46112061]
[ 131.94017029   79.51968384  849.23583984   62.6310463 ]
[ 789.83154297  113.52983856  904.34246826  291.00650024]
[ 700.69207764  126.89612579  701.86804199  272.3036499 ]
[ 130.74429321  169.973526    827.45843506  217.62174988]
[ 379.67510986  149.69979858  463.38174438  111.68803406]
[ 558.23687744  165.22186279  435.02566528  101.3896637 ]
