[ 306.08401489  267.71777344  539.84472656  188.47499084]
[ 154.7971344   210.08982849  302.46020508  -86.72949219]
[ 427.49713135   81.33090973  212.36326599  154.78846741]
[-154.61018372   60.50832748  245.4707489   -94.63580322]
[ 181.27230835  250.00134277   99.14710999 -201.83772278]
[ 149.61538696   79.68602753  126.5557785   503.9095459 ]
[ 342.45413208 -196.76391602  243.36131287 -107.9631424 ]
[  26.61273384  -29.81344795  336.16265869 -161.92837524]
[ 439.53012085   48.57431412  381.80822754   93.52327728]
[ -27.23819542   -6.50038195  290.87930298  152.53022766]
[ 228.23225403  226.20513916   99.81584167  343.14465332]
[ 267.97705078    1.2847383   268.07751465  191.44506836]
[ 379.90496826  146.876297     25.69679451  317.82327271]
[-269.32736206  120.35832214  182.97904968  -77.10688782]
[ 24.55484009 -90.51207733  13.95920277   0.79033518]
[ 230.11941528 -170.6010437   156.08651733  378.79473877]
[  94.63272095  149.54750061  166.48408508  154.40429688]
[ 274.34216309  123.22853851   75.92178345 -137.9543457 ]
[ 195.6346283   -41.59994507  250.74610901 -173.55271912]
[ 164.31513977   66.52880096   -0.52221477   -6.80597305]
[  49.41472244  156.43333435  353.9604187   171.1987915 ]
[ 147.7897644    17.26328659  143.48751831   33.83840942]
[ 216.1804657    46.1712532    54.53240204  -15.86359024]
[ 275.75363159  289.27481079  155.8482666   -82.95864868]
[  66.1187439   -18.415905    252.05818176   -7.10747051]
