0 2 Car -1 -1 -1.000000 335.626954 191.990348 469.868557 276.910723 -1.000000 -1.000000 -1.000000 -1.000000 -1.000000 -1.000000 -1.000000 -1.000000 
0 3 Car -1 -1 -1.000000 481.355672 184.465155 529.495089 221.899353 -1.000000 -1.000000 -1.000000 -1.000000 -1.000000 -1.000000 -1.000000 -1.000000 
0 4 Van -1 2 -1.000000 505.030044 161.130752 550.646740 211.744708 -1.000000 -1.000000 -1.000000 -1.000000 -1.000000 -1.000000 -1.000000 -1.000000 
0 5 Car -1 -1 -1.000000 565.944834 178.932111 596.492504 205.297337 -1.000000 -1.000000 -1.000000 -1.000000 -1.000000 -1.000000 -1.000000 -1.000000 
0 6 Cyclist -1 0 -1.000000 903.438957 148.756107 1034.409376 326.279806 -1.000000 -1.000000 -1.000000 -1.000000 -1.000000 -1.000000 -1.000000 -1.000000 
1 2 Car -1 -1 -1.000000 326.219344 191.948467 466.049275 279.577264 -1.000000 -1.000000 -1.000000 -1.000000 -1.000000 -1.000000 -1.000000 -1.000000 
1 3 Car -1 -1 -1.000000 478.488570 184.188997 527.514297 222.286475 -1.000000 -1.000000 -1.000000 -1.000000 -1.000000 -1.000000 -1.000000 -1.000000 
1 4 Van -1 2 -1.000000 502.499248 160.680795 549.016610 211.957222 -1.000000 -1.000000 -1.000000 -1.000000 -1.000000 -1.000000 -1.000000 -1.000000 
1 5 Car -1 -1 -1.000000 564.130322 178.749752 595.423773 205.756038 -1.000000 -1.000000 -1.000000 -1.000000 -1.000000 -1.000000 -1.000000 -1.000000 
1 6 Cyclist -1 0 -1.000000 937.141562 145.304035 1093.592513 346.304823 -1.000000 -1.000000 -1.000000 -1.000000 -1.000000 -1.000000 -1.000000 -1.000000 
2 2 Car -1 -1 -1.000000 316.188801 191.904586 462.047415 282.420592 -1.000000 -1.000000 -1.000000 -1.000000 -1.000000 -1.000000 -1.000000 -1.000000 
2 3 Car -1 -1 -1.000000 475.512646 183.903577 525.466814 222.688308 -1.000000 -1.000000 -1.000000 -1.000000 -1.000000 -1.000000 -1.000000 -1.000000 
2 4 Van -1 2 -1.000000 499.901257 160.218905 547.349192 212.175383 -1.000000 -1.000000 -1.000000 -1.000000 -1.000000 -1.000000 -1.000000 -1.000000 
2 5 Car -1 -1 -1.000000 562.225479 178.558284 594.301521 206.237600 -1.000000 -1.000000 -1.000000 -1.000000 -1.000000 -1.000000 -1.000000 -1.000000 
2 6 Cyclist -1 0 -1.000000 980.310431 140.567790 1174.195194 374.083871 -1.000000 -1.000000 -1.000000 -1.000000 -1.000000 -1.000000 -1.000000 -1.000000 
3 2 Car -1 -1 -1.000000 305.471333 191.858559 457.849566 285.458892 -1.000000 -1.000000 -1.000000 -1.000000 -1.000000 -1.000000 -1.000000 -1.000000 
3 3 Car -1 -1 -1.000000 472.421573 183.608422 523.349222 223.105707 -1.000000 -1.000000 -1.000000 -1.000000 -1.000000 -1.000000 -1.000000 -1.000000 
3 4 Van -1 2 -1.000000 497.233359 159.744602 545.643190 212.399418 -1.000000 -1.000000 -1.000000 -1.000000 -1.000000 -1.000000 -1.000000 -1.000000 
3 5 Car -1 -1 -1.000000 560.223383 178.357005 593.121635 206.743775 -1.000000 -1.000000 -1.000000 -1.000000 -1.000000 -1.000000 -1.000000 -1.000000 
4 2 Car -1 -1 -1.000000 293.993875 191.810223 453.440970 288.712928 -1.000000 -1.000000 -1.000000 -1.000000 -1.000000 -1.000000 -1.000000 -1.000000 
4 3 Car -1 -1 -1.000000 469.208526 183.303022 521.157868 223.539595 -1.000000 -1.000000 -1.000000 -1.000000 -1.000000 -1.000000 -1.000000 -1.000000 
4 4 Van -1 2 -1.000000 494.492695 159.257376 543.897252 212.629569 -1.000000 -1.000000 -1.000000 -1.000000 -1.000000 -1.000000 -1.000000 -1.000000 
4 5 Car -1 -1 -1.000000 558.116384 178.145141 591.879566 207.276499 -1.000000 -1.000000 -1.000000 -1.000000 -1.000000 -1.000000 -1.000000 -1.000000 
4 7 Cyclist -1 2 -1.000000 1035.840094 140.566629 1232.766741 336.791874 -1.000000 -1.000000 -1.000000 -1.000000 -1.000000 -1.000000 -1.000000 -1.000000 
5 2 Car -1 -1 -1.000000 281.672615 191.759402 448.805347 292.206526 -1.000000 -1.000000 -1.000000 -1.000000 -1.000000 -1.000000 -1.000000 -1.000000 
5 3 Car -1 -1 -1.000000 465.866128 182.986836 518.888837 223.990968 -1.000000 -1.000000 -1.000000 -1.000000 -1.000000 -1.000000 -1.000000 -1.000000 
5 4 Van -1 2 -1.000000 491.767002 158.754917 542.187329 212.863988 -1.000000 -1.000000 -1.000000 -1.000000 -1.000000 -1.000000 -1.000000 -1.000000 
5 5 Car -1 -1 -1.000000 555.896011 177.921836 590.570277 207.837919 -1.000000 -1.000000 -1.000000 -1.000000 -1.000000 -1.000000 -1.000000 -1.000000 
5 7 Cyclist -1 0 -1.000000 1028.363696 138.419427 1220.849653 332.238725 -1.000000 -1.000000 -1.000000 -1.000000 -1.000000 -1.000000 -1.000000 -1.000000 
6 2 Car -1 -1 -1.000000 268.410942 191.705898 443.924696 295.967151 -1.000000 -1.000000 -1.000000 -1.000000 -1.000000 -1.000000 -1.000000 -1.000000 
6 3 Car -1 -1 -1.000000 463.237328 182.623407 517.247888 224.226556 -1.000000 -1.000000 -1.000000 -1.000000 -1.000000 -1.000000 -1.000000 -1.000000 
6 4 Van -1 2 -1.000000 489.964551 157.404823 541.196273 212.151287 -1.000000 -1.000000 -1.000000 -1.000000 -1.000000 -1.000000 -1.000000 -1.000000 
6 5 Car -1 -1 -1.000000 554.192701 177.469747 589.692573 208.097052 -1.000000 -1.000000 -1.000000 -1.000000 -1.000000 -1.000000 -1.000000 -1.000000 
6 7 Cyclist -1 0 -1.000000 1021.028607 136.323648 1209.218748 327.795279 -1.000000 -1.000000 -1.000000 -1.000000 -1.000000 -1.000000 -1.000000 -1.000000 
7 2 Car -1 -1 -1.000000 254.096935 191.649492 438.779069 300.026632 -1.000000 -1.000000 -1.000000 -1.000000 -1.000000 -1.000000 -1.000000 -1.000000 
7 3 Car -1 -1 -1.000000 460.524081 182.249731 515.560635 224.469717 -1.000000 -1.000000 -1.000000 -1.000000 -1.000000 -1.000000 -1.000000 -1.000000 
7 4 Van -1 2 -1.000000 488.211819 156.020568 540.263883 211.419332 -1.000000 -1.000000 -1.000000 -1.000000 -1.000000 -1.000000 -1.000000 -1.000000 
7 5 Car -1 -1 -1.000000 552.406473 176.995576 588.995491 208.368808 -1.000000 -1.000000 -1.000000 -1.000000 -1.000000 -1.000000 -1.000000 -1.000000 
7 7 Cyclist -1 0 -1.000000 1013.830858 134.277465 1197.863838 323.457618 -1.000000 -1.000000 -1.000000 -1.000000 -1.000000 -1.000000 -1.000000 -1.000000 
8 2 Car -1 -1 -1.000000 238.600138 191.589943 433.346279 304.422074 -1.000000 -1.000000 -1.000000 -1.000000 -1.000000 -1.000000 -1.000000 -1.000000 
8 3 Car -1 -1 -1.000000 457.722249 181.865369 513.825088 224.720820 -1.000000 -1.000000 -1.000000 -1.000000 -1.000000 -1.000000 -1.000000 -1.000000 
8 4 Van -1 2 -1.000000 486.416556 154.602753 539.312204 210.669599 -1.000000 -1.000000 -1.000000 -1.000000 -1.000000 -1.000000 -1.000000 -1.000000 
8 5 Car -1 -1 -1.000000 550.531119 176.497663 588.289084 208.654136 -1.000000 -1.000000 -1.000000 -1.000000 -1.000000 -1.000000 -1.000000 -1.000000 
8 7 Cyclist -1 0 -1.000000 1006.766628 132.279139 1186.775217 319.222011 -1.000000 -1.000000 -1.000000 -1.000000 -1.000000 -1.000000 -1.000000 -1.000000 
9 2 Car -1 -1 -1.000000 221.767651 191.526980 427.601604 309.196976 -1.000000 -1.000000 -1.000000 -1.000000 -1.000000 -1.000000 -1.000000 -1.000000 
9 3 Car -1 -1 -1.000000 454.827424 181.469856 512.039146 224.980263 -1.000000 -1.000000 -1.000000 -1.000000 -1.000000 -1.000000 -1.000000 -1.000000 
9 4 Van -1 2 -1.000000 484.577195 153.150142 538.340633 209.901433 -1.000000 -1.000000 -1.000000 -1.000000 -1.000000 -1.000000 -1.000000 -1.000000 
9 5 Car -1 -1 -1.000000 548.559791 175.974180 587.550376 208.954077 -1.000000 -1.000000 -1.000000 -1.000000 -1.000000 -1.000000 -1.000000 -1.000000 
9 7 Cyclist -1 1 -1.000000 999.832237 130.327011 1175.943625 315.084896 -1.000000 -1.000000 -1.000000 -1.000000 -1.000000 -1.000000 -1.000000 -1.000000 
10 2 Car -1 -1 -1.000000 203.418983 191.460300 421.517388 314.402700 -1.000000 -1.000000 -1.000000 -1.000000 -1.000000 -1.000000 -1.000000 -1.000000 
10 3 Car -1 -1 -1.000000 451.834896 181.062698 510.200580 225.248468 -1.000000 -1.000000 -1.000000 -1.000000 -1.000000 -1.000000 -1.000000 -1.000000 
10 4 Van -1 2 -1.000000 482.692090 151.661440 537.348539 209.114145 -1.000000 -1.000000 -1.000000 -1.000000 -1.000000 -1.000000 -1.000000 -1.000000 
10 5 Car -1 -1 -1.000000 546.484926 175.423106 586.777104 209.269784 -1.000000 -1.000000 -1.000000 -1.000000 -1.000000 -1.000000 -1.000000 -1.000000 
10 7 Cyclist -1 1 -1.000000 995.142834 130.352391 1167.687692 312.628573 -1.000000 -1.000000 -1.000000 -1.000000 -1.000000 -1.000000 -1.000000 -1.000000 
11 2 Car -1 -1 -1.000000 184.398734 192.236125 416.923260 321.450400 -1.000000 -1.000000 -1.000000 -1.000000 -1.000000 -1.000000 -1.000000 -1.000000 
11 3 Car -1 -1 -1.000000 449.764563 181.371265 509.461382 226.348418 -1.000000 -1.000000 -1.000000 -1.000000 -1.000000 -1.000000 -1.000000 -1.000000 
11 4 Van -1 2 -1.000000 481.674271 151.927756 537.068011 210.055015 -1.000000 -1.000000 -1.000000 -1.000000 -1.000000 -1.000000 -1.000000 -1.000000 
11 5 Car -1 -1 -1.000000 545.579647 176.124072 586.722664 210.778757 -1.000000 -1.000000 -1.000000 -1.000000 -1.000000 -1.000000 -1.000000 -1.000000 
11 7 Cyclist -1 1 -1.000000 990.552239 130.377101 1159.649945 310.237368 -1.000000 -1.000000 -1.000000 -1.000000 -1.000000 -1.000000 -1.000000 -1.000000 
12 2 Car -1 -1 -1.000000 163.490110 193.061845 412.032142 329.199653 -1.000000 -1.000000 -1.000000 -1.000000 -1.000000 -1.000000 -1.000000 -1.000000 
12 3 Car -1 -1 -1.000000 447.623612 181.689111 508.699790 227.485999 -1.000000 -1.000000 -1.000000 -1.000000 -1.000000 -1.000000 -1.000000 -1.000000 
12 4 Van -1 2 -1.000000 480.632354 152.200373 536.781858 211.018182 -1.000000 -1.000000 -1.000000 -1.000000 -1.000000 -1.000000 -1.000000 -1.000000 
12 5 Car -1 -1 -1.000000 544.630193 176.859130 586.665861 212.361457 -1.000000 -1.000000 -1.000000 -1.000000 -1.000000 -1.000000 -1.000000 -1.000000 
12 7 Cyclist -1 1 -1.000000 986.057361 130.401169 1151.821846 307.908723 -1.000000 -1.000000 -1.000000 -1.000000 -1.000000 -1.000000 -1.000000 -1.000000 
13 2 Car -1 -1 -1.000000 140.396998 193.942436 406.814361 337.760689 -1.000000 -1.000000 -1.000000 -1.000000 -1.000000 -1.000000 -1.000000 -1.000000 
13 3 Car -1 -1 -1.000000 445.408360 182.016661 507.914777 228.663176 -1.000000 -1.000000 -1.000000 -1.000000 -1.000000 -1.000000 -1.000000 -1.000000 
13 4 Van -1 2 -1.000000 479.565474 152.479518 536.489909 212.004451 -1.000000 -1.000000 -1.000000 -1.000000 -1.000000 -1.000000 -1.000000 -1.000000 
13 5 Car -1 -1 -1.000000 543.633248 177.630829 586.606542 214.023421 -1.000000 -1.000000 -1.000000 -1.000000 -1.000000 -1.000000 -1.000000 -1.000000 
13 7 Cyclist -1 1 -1.000000 981.655239 130.424619 1144.195301 305.640217 -1.000000 -1.000000 -1.000000 -1.000000 -1.000000 -1.000000 -1.000000 -1.000000 
14 2 Car -1 -1 -1.000000 114.757963 194.883561 401.236161 347.268105 -1.000000 -1.000000 -1.000000 -1.000000 -1.000000 -1.000000 -1.000000 -1.000000 
14 3 Car -1 -1 -1.000000 443.114863 182.354366 507.105251 229.882052 -1.000000 -1.000000 -1.000000 -1.000000 -1.000000 -1.000000 -1.000000 -1.000000 
14 4 Van -1 2 -1.000000 478.472721 152.765428 536.191987 213.014661 -1.000000 -1.000000 -1.000000 -1.000000 -1.000000 -1.000000 -1.000000 -1.000000 
14 5 Car -1 -1 -1.000000 542.585155 178.441977 586.544538 215.770758 -1.000000 -1.000000 -1.000000 -1.000000 -1.000000 -1.000000 -1.000000 -1.000000 
14 7 Cyclist -1 1 -1.000000 977.343029 130.447474 1136.762622 303.429549 -1.000000 -1.000000 -1.000000 -1.000000 -1.000000 -1.000000 -1.000000 -1.000000 
15 2 Car -1 -1 -1.000000 86.127163 195.891688 395.258964 357.887998 -1.000000 -1.000000 -1.000000 -1.000000 -1.000000 -1.000000 -1.000000 -1.000000 
15 3 Car -1 -1 -1.000000 440.738893 182.702707 506.270053 231.144883 -1.000000 -1.000000 -1.000000 -1.000000 -1.000000 -1.000000 -1.000000 -1.000000 
15 4 Van -1 2 -1.000000 477.353143 153.058352 535.887907 214.049696 -1.000000 -1.000000 -1.000000 -1.000000 -1.000000 -1.000000 -1.000000 -1.000000 
15 5 Car -1 -1 -1.000000 541.481870 179.295681 586.479662 217.610219 -1.000000 -1.000000 -1.000000 -1.000000 -1.000000 -1.000000 -1.000000 -1.000000 
15 7 Cyclist -1 1 -1.000000 973.905815 133.233376 1129.951726 303.459217 -1.000000 -1.000000 -1.000000 -1.000000 -1.000000 -1.000000 -1.000000 -1.000000 
16 2 Car -1 -1 -1.000000 59.362914 199.414670 389.205937 372.553092 -1.000000 -1.000000 -1.000000 -1.000000 -1.000000 -1.000000 -1.000000 -1.000000 
16 3 Car -1 -1 -1.000000 438.724315 183.384272 505.368334 232.652986 -1.000000 -1.000000 -1.000000 -1.000000 -1.000000 -1.000000 -1.000000 -1.000000 
16 4 Van -1 2 -1.000000 476.126244 154.251031 535.533985 216.035166 -1.000000 -1.000000 -1.000000 -1.000000 -1.000000 -1.000000 -1.000000 -1.000000 
16 5 Car -1 -1 -1.000000 540.357275 179.892873 586.695125 219.130221 -1.000000 -1.000000 -1.000000 -1.000000 -1.000000 -1.000000 -1.000000 -1.000000 
16 7 Cyclist -1 0 -1.000000 970.555985 135.931886 1123.354998 303.487950 -1.000000 -1.000000 -1.000000 -1.000000 -1.000000 -1.000000 -1.000000 -1.000000 
17 2 Car -1 -1 -1.000000 29.563984 196.132414 382.711562 376.528564 -1.000000 -1.000000 -1.000000 -1.000000 -1.000000 -1.000000 -1.000000 -1.000000 
17 3 Car -1 -1 -1.000000 436.649131 184.083508 504.443221 234.206491 -1.000000 -1.000000 -1.000000 -1.000000 -1.000000 -1.000000 -1.000000 -1.000000 
17 4 Van -1 2 -1.000000 474.867283 155.474852 535.172309 218.072576 -1.000000 -1.000000 -1.000000 -1.000000 -1.000000 -1.000000 -1.000000 -1.000000 
17 5 Car -1 -1 -1.000000 539.177491 180.519647 586.919696 220.725105 -1.000000 -1.000000 -1.000000 -1.000000 -1.000000 -1.000000 -1.000000 -1.000000 
17 7 Cyclist -1 0 -1.000000 967.290249 138.547053 1116.962493 303.515791 -1.000000 -1.000000 -1.000000 -1.000000 -1.000000 -1.000000 -1.000000 -1.000000 
18 3 Car -1 -1 -1.000000 434.510565 184.801111 503.493793 235.807478 -1.000000 -1.000000 -1.000000 -1.000000 -1.000000 -1.000000 -1.000000 -1.000000 
18 4 Van -1 2 -1.000000 473.574987 156.731050 534.802620 220.163991 -1.000000 -1.000000 -1.000000 -1.000000 -1.000000 -1.000000 -1.000000 -1.000000 
18 5 Car -1 -1 -1.000000 537.938340 181.091004 587.153973 222.400543 -1.000000 -1.000000 -1.000000 -1.000000 -1.000000 -1.000000 -1.000000 -1.000000 
18 7 Cyclist -1 0 -1.000000 964.105480 141.082680 1110.764874 303.542781 -1.000000 -1.000000 -1.000000 -1.000000 -1.000000 -1.000000 -1.000000 -1.000000 
19 3 Car -1 -1 -1.000000 432.305669 185.537816 502.519077 237.458159 -1.000000 -1.000000 -1.000000 -1.000000 -1.000000 -1.000000 -1.000000 -1.000000 
19 4 Van -1 2 -1.000000 472.248013 158.020926 534.424649 222.311585 -1.000000 -1.000000 -1.000000 -1.000000 -1.000000 -1.000000 -1.000000 -1.000000 
19 5 Car -1 -1 -1.000000 536.635213 181.683040 587.398611 224.162794 -1.000000 -1.000000 -1.000000 -1.000000 -1.000000 -1.000000 -1.000000 -1.000000 
19 7 Cyclist -1 0 -1.000000 960.998704 143.542340 1104.753360 303.568958 -1.000000 -1.000000 -1.000000 -1.000000 -1.000000 -1.000000 -1.000000 -1.000000 
20 3 Car -1 -1 -1.000000 430.031307 186.294394 501.518050 239.160883 -1.000000 -1.000000 -1.000000 -1.000000 -1.000000 -1.000000 -1.000000 -1.000000 
20 4 Van -1 2 -1.000000 470.884948 159.345854 534.038116 224.517654 -1.000000 -1.000000 -1.000000 -1.000000 -1.000000 -1.000000 -1.000000 -1.000000 
20 5 Car -1 -1 -1.000000 535.263011 182.302252 587.654322 226.018785 -1.000000 -1.000000 -1.000000 -1.000000 -1.000000 -1.000000 -1.000000 -1.000000 
20 7 Cyclist -1 1 -1.000000 955.643833 144.227622 1095.284275 300.989819 -1.000000 -1.000000 -1.000000 -1.000000 -1.000000 -1.000000 -1.000000 -1.000000 
21 3 Car -1 -1 -1.000000 427.502900 186.329402 500.376849 240.085044 -1.000000 -1.000000 -1.000000 -1.000000 -1.000000 -1.000000 -1.000000 -1.000000 
21 4 Van -1 2 -1.000000 470.208630 158.412956 534.100422 224.303251 -1.000000 -1.000000 -1.000000 -1.000000 -1.000000 -1.000000 -1.000000 -1.000000 
21 5 Car -1 -1 -1.000000 533.424681 182.081970 587.432002 226.808070 -1.000000 -1.000000 -1.000000 -1.000000 -1.000000 -1.000000 -1.000000 -1.000000 
21 7 Cyclist -1 1 -1.000000 950.464580 144.885610 1086.193175 298.513906 -1.000000 -1.000000 -1.000000 -1.000000 -1.000000 -1.000000 -1.000000 -1.000000 
22 3 Car -1 -1 -1.000000 424.888649 186.365423 499.202611 241.040606 -1.000000 -1.000000 -1.000000 -1.000000 -1.000000 -1.000000 -1.000000 -1.000000 
22 4 Van -1 2 -1.000000 469.517187 157.459198 534.163881 224.084046 -1.000000 -1.000000 -1.000000 -1.000000 -1.000000 -1.000000 -1.000000 -1.000000 
22 5 Car -1 -1 -1.000000 531.496691 181.852444 587.200174 227.635946 -1.000000 -1.000000 -1.000000 -1.000000 -1.000000 -1.000000 -1.000000 -1.000000 
22 7 Cyclist -1 1 -1.000000 945.452442 145.517902 1077.457870 296.135145 -1.000000 -1.000000 -1.000000 -1.000000 -1.000000 -1.000000 -1.000000 -1.000000 
23 3 Car -1 -1 -1.000000 422.184106 186.402502 497.993879 242.029198 -1.000000 -1.000000 -1.000000 -1.000000 -1.000000 -1.000000 -1.000000 -1.000000 
23 4 Van -1 2 -1.000000 468.810105 156.483875 534.228525 223.859876 -1.000000 -1.000000 -1.000000 -1.000000 -1.000000 -1.000000 -1.000000 -1.000000 
23 5 Car -1 -1 -1.000000 529.472303 181.613080 586.958224 228.505313 -1.000000 -1.000000 -1.000000 -1.000000 -1.000000 -1.000000 -1.000000 -1.000000 
23 7 Cyclist -1 0 -1.000000 940.599462 146.125975 1069.057876 293.847926 -1.000000 -1.000000 -1.000000 -1.000000 -1.000000 -1.000000 -1.000000 -1.000000 
24 3 Car -1 -1 -1.000000 419.384511 186.440685 496.749112 243.052561 -1.000000 -1.000000 -1.000000 -1.000000 -1.000000 -1.000000 -1.000000 -1.000000 
24 4 Van -1 2 -1.000000 468.086848 155.486246 534.294389 223.630571 -1.000000 -1.000000 -1.000000 -1.000000 -1.000000 -1.000000 -1.000000 -1.000000 
24 5 Car -1 -1 -1.000000 527.344091 181.363229 586.705486 229.419373 -1.000000 -1.000000 -1.000000 -1.000000 -1.000000 -1.000000 -1.000000 -1.000000 
24 7 Cyclist -1 0 -1.000000 935.898175 146.711194 1060.974249 291.647067 -1.000000 -1.000000 -1.000000 -1.000000 -1.000000 -1.000000 -1.000000 -1.000000 
25 3 Car -1 -1 -1.000000 416.484764 186.480024 495.466674 244.112563 -1.000000 -1.000000 -1.000000 -1.000000 -1.000000 -1.000000 -1.000000 -1.000000 
25 4 Van -1 2 -1.000000 467.346853 154.465537 534.361507 223.395952 -1.000000 -1.000000 -1.000000 -1.000000 -1.000000 -1.000000 -1.000000 -1.000000 
25 5 Car -1 -1 -1.000000 525.103841 181.102188 586.441232 230.381663 -1.000000 -1.000000 -1.000000 -1.000000 -1.000000 -1.000000 -1.000000 -1.000000 
25 7 Cyclist -1 0 -1.000000 929.853692 147.550572 1050.954843 289.279769 -1.000000 -1.000000 -1.000000 -1.000000 -1.000000 -1.000000 -1.000000 -1.000000 
26 3 Car -1 -1 -1.000000 413.836870 186.074217 494.421317 244.659671 -1.000000 -1.000000 -1.000000 -1.000000 -1.000000 -1.000000 -1.000000 -1.000000 
26 4 Van -1 2 -1.000000 465.574786 154.640046 533.612994 224.400618 -1.000000 -1.000000 -1.000000 -1.000000 -1.000000 -1.000000 -1.000000 -1.000000 
26 5 Car -1 -1 -1.000000 523.545433 181.279092 586.652818 231.755579 -1.000000 -1.000000 -1.000000 -1.000000 -1.000000 -1.000000 -1.000000 -1.000000 
26 7 Cyclist -1 0 -1.000000 924.027722 148.353730 1041.368657 287.015074 -1.000000 -1.000000 -1.000000 -1.000000 -1.000000 -1.000000 -1.000000 -1.000000 
26 8 Car -1 2 -1.000000 522.238227 181.473376 551.657242 206.513106 -1.000000 -1.000000 -1.000000 -1.000000 -1.000000 -1.000000 -1.000000 -1.000000 
27 3 Car -1 -1 -1.000000 411.092798 185.656019 493.344017 245.226667 -1.000000 -1.000000 -1.000000 -1.000000 -1.000000 -1.000000 -1.000000 -1.000000 
27 4 Van -1 2 -1.000000 463.759641 154.818796 532.849531 225.429734 -1.000000 -1.000000 -1.000000 -1.000000 -1.000000 -1.000000 -1.000000 -1.000000 
27 5 Car -1 -1 -1.000000 521.912279 181.463187 586.872810 233.195649 -1.000000 -1.000000 -1.000000 -1.000000 -1.000000 -1.000000 -1.000000 -1.000000 
27 7 Cyclist -1 0 -1.000000 918.408626 149.122961 1032.188186 284.846452 -1.000000 -1.000000 -1.000000 -1.000000 -1.000000 -1.000000 -1.000000 -1.000000 
27 8 Car -1 2 -1.000000 521.768142 181.233133 551.403165 206.407423 -1.000000 -1.000000 -1.000000 -1.000000 -1.000000 -1.000000 -1.000000 -1.000000 
28 3 Car -1 -1 -1.000000 408.247212 185.224854 492.233287 245.814657 -1.000000 -1.000000 -1.000000 -1.000000 -1.000000 -1.000000 -1.000000 -1.000000 
28 4 Van -1 2 -1.000000 461.899829 155.001942 532.070666 226.484203 -1.000000 -1.000000 -1.000000 -1.000000 -1.000000 -1.000000 -1.000000 -1.000000 
28 5 Car -1 -1 -1.000000 520.198851 181.654921 587.101732 234.706770 -1.000000 -1.000000 -1.000000 -1.000000 -1.000000 -1.000000 -1.000000 -1.000000 
28 7 Cyclist -1 0 -1.000000 912.985580 149.860373 1023.388211 282.767917 -1.000000 -1.000000 -1.000000 -1.000000 -1.000000 -1.000000 -1.000000 -1.000000 
28 8 Car -1 2 -1.000000 521.291990 180.990092 551.146129 206.300376 -1.000000 -1.000000 -1.000000 -1.000000 -1.000000 -1.000000 -1.000000 -1.000000 
29 3 Car -1 -1 -1.000000 405.294372 184.780108 491.087547 246.424829 -1.000000 -1.000000 -1.000000 -1.000000 -1.000000 -1.000000 -1.000000 -1.000000 
29 4 Van -1 2 -1.000000 459.993680 155.189648 531.275927 227.564974 -1.000000 -1.000000 -1.000000 -1.000000 -1.000000 -1.000000 -1.000000 -1.000000 
29 5 Car -1 -1 -1.000000 518.399065 181.854779 587.340150 236.294331 -1.000000 -1.000000 -1.000000 -1.000000 -1.000000 -1.000000 -1.000000 -1.000000 
29 7 Cyclist -1 0 -1.000000 907.748499 150.567897 1014.945555 280.773971 -1.000000 -1.000000 -1.000000 -1.000000 -1.000000 -1.000000 -1.000000 -1.000000 
29 8 Car -1 2 -1.000000 520.809651 180.744206 550.886083 206.191937 -1.000000 -1.000000 -1.000000 -1.000000 -1.000000 -1.000000 -1.000000 -1.000000 
30 3 Car -1 -1 -1.000000 402.228099 184.321130 489.905116 247.058460 -1.000000 -1.000000 -1.000000 -1.000000 -1.000000 -1.000000 -1.000000 -1.000000 
30 4 Van -1 2 -1.000000 458.039442 155.382088 530.464825 228.673042 -1.000000 -1.000000 -1.000000 -1.000000 -1.000000 -1.000000 -1.000000 -1.000000 
30 5 Car -1 -1 -1.000000 516.506206 182.063289 587.588680 237.964283 -1.000000 -1.000000 -1.000000 -1.000000 -1.000000 -1.000000 -1.000000 -1.000000 
30 7 Cyclist -1 0 -1.000000 900.922026 150.711656 1004.412908 277.901237 -1.000000 -1.000000 -1.000000 -1.000000 -1.000000 -1.000000 -1.000000 -1.000000 
30 8 Car -1 2 -1.000000 520.321006 180.495424 550.622973 206.082080 -1.000000 -1.000000 -1.000000 -1.000000 -1.000000 -1.000000 -1.000000 -1.000000 
31 3 Car -1 -1 -1.000000 399.930773 184.668108 488.517892 248.195619 -1.000000 -1.000000 -1.000000 -1.000000 -1.000000 -1.000000 -1.000000 -1.000000 
31 4 Van -1 2 -1.000000 456.838095 155.083975 530.123896 229.106524 -1.000000 -1.000000 -1.000000 -1.000000 -1.000000 -1.000000 -1.000000 -1.000000 
31 5 Car -1 -1 -1.000000 514.416436 182.286506 587.625990 239.594120 -1.000000 -1.000000 -1.000000 -1.000000 -1.000000 -1.000000 -1.000000 -1.000000 
31 7 Cyclist -1 0 -1.000000 894.357960 150.848929 994.356299 275.158620 -1.000000 -1.000000 -1.000000 -1.000000 -1.000000 -1.000000 -1.000000 -1.000000 
31 8 Car -1 2 -1.000000 520.107185 180.738899 550.517174 206.433968 -1.000000 -1.000000 -1.000000 -1.000000 -1.000000 -1.000000 -1.000000 -1.000000 
32 3 Car -1 -1 -1.000000 397.580370 185.021650 487.104138 249.359225 -1.000000 -1.000000 -1.000000 -1.000000 -1.000000 -1.000000 -1.000000 -1.000000 
32 4 Van -1 2 -1.000000 455.612539 154.779852 529.777373 229.548752 -1.000000 -1.000000 -1.000000 -1.000000 -1.000000 -1.000000 -1.000000 -1.000000 
32 5 Car -1 -1 -1.000000 512.223309 182.518898 587.664611 241.304841 -1.000000 -1.000000 -1.000000 -1.000000 -1.000000 -1.000000 -1.000000 -1.000000 
32 7 Cyclist -1 0 -1.000000 888.041455 150.980145 984.744169 272.537475 -1.000000 -1.000000 -1.000000 -1.000000 -1.000000 -1.000000 -1.000000 -1.000000 
32 8 Car -1 2 -1.000000 519.892000 180.983772 550.410767 206.788102 -1.000000 -1.000000 -1.000000 -1.000000 -1.000000 -1.000000 -1.000000 -1.000000 
33 3 Car -1 -1 -1.000000 395.175017 185.381944 485.663091 250.550212 -1.000000 -1.000000 -1.000000 -1.000000 -1.000000 -1.000000 -1.000000 -1.000000 
33 4 Van -1 2 -1.000000 454.362034 154.469538 529.425119 229.999993 -1.000000 -1.000000 -1.000000 -1.000000 -1.000000 -1.000000 -1.000000 -1.000000 
33 5 Car -1 -1 -1.000000 509.918945 182.761044 587.704624 243.102620 -1.000000 -1.000000 -1.000000 -1.000000 -1.000000 -1.000000 -1.000000 -1.000000 
33 7 Cyclist -1 0 -1.000000 881.958767 151.105697 975.547688 270.029907 -1.000000 -1.000000 -1.000000 -1.000000 -1.000000 -1.000000 -1.000000 -1.000000 
33 8 Car -1 2 -1.000000 519.675438 181.230056 550.303748 207.144504 -1.000000 -1.000000 -1.000000 -1.000000 -1.000000 -1.000000 -1.000000 -1.000000 
34 3 Car -1 -1 -1.000000 392.712755 185.749187 484.193962 251.769554 -1.000000 -1.000000 -1.000000 -1.000000 -1.000000 -1.000000 -1.000000 -1.000000 
34 4 Van -1 2 -1.000000 453.085811 154.152841 529.066990 230.460526 -1.000000 -1.000000 -1.000000 -1.000000 -1.000000 -1.000000 -1.000000 -1.000000 
34 5 Car -1 -1 -1.000000 507.494641 183.013570 587.746117 244.994276 -1.000000 -1.000000 -1.000000 -1.000000 -1.000000 -1.000000 -1.000000 -1.000000 
34 7 Cyclist -1 0 -1.000000 876.097148 151.225943 966.740467 267.628689 -1.000000 -1.000000 -1.000000 -1.000000 -1.000000 -1.000000 -1.000000 -1.000000 
34 8 Car -1 2 -1.000000 519.457485 181.477763 550.196109 207.503196 -1.000000 -1.000000 -1.000000 -1.000000 -1.000000 -1.000000 -1.000000 -1.000000 
35 3 Car -1 -1 -1.000000 390.191528 186.123582 482.695927 253.018278 -1.000000 -1.000000 -1.000000 -1.000000 -1.000000 -1.000000 -1.000000 -1.000000 
35 4 Van -1 2 -1.000000 451.783068 153.829563 528.702838 230.930641 -1.000000 -1.000000 -1.000000 -1.000000 -1.000000 -1.000000 -1.000000 -1.000000 
35 5 Car -1 -1 -1.000000 504.940760 183.277160 587.789188 246.987358 -1.000000 -1.000000 -1.000000 -1.000000 -1.000000 -1.000000 -1.000000 -1.000000 
35 7 Cyclist -1 0 -1.000000 870.308593 155.996874 957.982817 269.795032 -1.000000 -1.000000 -1.000000 -1.000000 -1.000000 -1.000000 -1.000000 -1.000000 
35 8 Car -1 2 -1.000000 519.238127 181.726905 550.087847 207.864199 -1.000000 -1.000000 -1.000000 -1.000000 -1.000000 -1.000000 -1.000000 -1.000000 
36 3 Car -1 -1 -1.000000 387.437963 186.284711 481.793655 254.124407 -1.000000 -1.000000 -1.000000 -1.000000 -1.000000 -1.000000 -1.000000 -1.000000 
36 4 Van -1 2 -1.000000 450.146379 153.055999 528.025530 230.890356 -1.000000 -1.000000 -1.000000 -1.000000 -1.000000 -1.000000 -1.000000 -1.000000 
36 5 Car -1 -1 -1.000000 502.387995 183.394719 587.647690 248.608437 -1.000000 -1.000000 -1.000000 -1.000000 -1.000000 -1.000000 -1.000000 -1.000000 
36 7 Cyclist -1 0 -1.000000 864.653639 153.566079 949.501735 264.837664 -1.000000 -1.000000 -1.000000 -1.000000 -1.000000 -1.000000 -1.000000 -1.000000 
36 8 Car -1 2 -1.000000 519.282438 181.248088 550.271867 207.467201 -1.000000 -1.000000 -1.000000 -1.000000 -1.000000 -1.000000 -1.000000 -1.000000 
37 3 Car -1 -1 -1.000000 384.609247 186.449543 480.870359 255.260869 -1.000000 -1.000000 -1.000000 -1.000000 -1.000000 -1.000000 -1.000000 -1.000000 
37 4 Van -1 2 -1.000000 448.478197 152.267545 527.337713 230.849294 -1.000000 -1.000000 -1.000000 -1.000000 -1.000000 -1.000000 -1.000000 -1.000000 
37 5 Car -1 -1 -1.000000 499.715092 183.516789 587.500511 250.306065 -1.000000 -1.000000 -1.000000 -1.000000 -1.000000 -1.000000 -1.000000 -1.000000 
37 7 Cyclist -1 0 -1.000000 859.271629 156.208810 941.463678 265.088592 -1.000000 -1.000000 -1.000000 -1.000000 -1.000000 -1.000000 -1.000000 -1.000000 
37 8 Car -1 2 -1.000000 519.327212 180.764775 550.457615 207.066053 -1.000000 -1.000000 -1.000000 -1.000000 -1.000000 -1.000000 -1.000000 -1.000000 
38 3 Car -1 -1 -1.000000 381.702252 186.618208 479.925302 256.428929 -1.000000 -1.000000 -1.000000 -1.000000 -1.000000 -1.000000 -1.000000 -1.000000 
38 4 Van -1 2 -1.000000 446.777605 151.463764 526.639140 230.807432 -1.000000 -1.000000 -1.000000 -1.000000 -1.000000 -1.000000 -1.000000 -1.000000 
38 5 Car -1 -1 -1.000000 496.913346 183.643636 587.347314 252.085794 -1.000000 -1.000000 -1.000000 -1.000000 -1.000000 -1.000000 -1.000000 -1.000000 
38 7 Cyclist -1 0 -1.000000 854.002370 151.862814 933.659408 258.417557 -1.000000 -1.000000 -1.000000 -1.000000 -1.000000 -1.000000 -1.000000 -1.000000 
38 8 Car -1 2 -1.000000 519.372457 180.253867 550.645116 206.660689 -1.000000 -1.000000 -1.000000 -1.000000 -1.000000 -1.000000 -1.000000 -1.000000 
39 3 Car -1 -1 -1.000000 378.713673 186.790842 478.957714 257.629924 -1.000000 -1.000000 -1.000000 -1.000000 -1.000000 -1.000000 -1.000000 -1.000000 
39 4 Van -1 2 -1.000000 445.043648 150.644207 525.929558 230.764746 -1.000000 -1.000000 -1.000000 -1.000000 -1.000000 -1.000000 -1.000000 -1.000000 
39 5 Car -1 -1 -1.000000 493.973191 183.775543 587.187739 253.953727 -1.000000 -1.000000 -1.000000 -1.000000 -1.000000 -1.000000 -1.000000 -1.000000 
39 7 Cyclist -1 0 -1.000000 848.978361 152.168747 926.246757 256.517248 -1.000000 -1.000000 -1.000000 -1.000000 -1.000000 -1.000000 -1.000000 -1.000000 
39 8 Car -1 2 -1.000000 519.418179 179.705161 550.834394 206.251043 -1.000000 -1.000000 -1.000000 -1.000000 -1.000000 -1.000000 -1.000000 -1.000000 
40 3 Car -1 -1 -1.000000 375.640015 186.967586 477.966788 258.865266 -1.000000 -1.000000 -1.000000 -1.000000 -1.000000 -1.000000 -1.000000 -1.000000 
40 4 Van -1 2 -1.000000 443.275334 149.808404 525.208704 230.721213 -1.000000 -1.000000 -1.000000 -1.000000 -1.000000 -1.000000 -1.000000 -1.000000 
40 5 Car -1 -1 -1.000000 490.884088 183.912821 587.021393 255.916589 -1.000000 -1.000000 -1.000000 -1.000000 -1.000000 -1.000000 -1.000000 -1.000000 
40 7 Cyclist -1 0 -1.000000 843.567825 155.942478 918.186491 257.772706 -1.000000 -1.000000 -1.000000 -1.000000 -1.000000 -1.000000 -1.000000 -1.000000 
40 8 Car -1 2 -1.000000 519.464386 179.150633 551.025476 205.837046 -1.000000 -1.000000 -1.000000 -1.000000 -1.000000 -1.000000 -1.000000 -1.000000 
41 3 Car -1 -1 -1.000000 372.843775 187.192447 476.657620 259.976939 -1.000000 -1.000000 -1.000000 -1.000000 -1.000000 -1.000000 -1.000000 -1.000000 
41 4 Van -1 2 -1.000000 442.204837 150.228793 524.906462 231.764046 -1.000000 -1.000000 -1.000000 -1.000000 -1.000000 -1.000000 -1.000000 -1.000000 
41 5 Car -1 -1 -1.000000 488.636589 184.279732 587.168884 257.823032 -1.000000 -1.000000 -1.000000 -1.000000 -1.000000 -1.000000 -1.000000 -1.000000 
41 7 Cyclist -1 0 -1.000000 838.327944 155.142598 910.441533 254.553027 -1.000000 -1.000000 -1.000000 -1.000000 -1.000000 -1.000000 -1.000000 -1.000000 
41 8 Car -1 2 -1.000000 519.658761 179.104361 551.383468 205.964051 -1.000000 -1.000000 -1.000000 -1.000000 -1.000000 -1.000000 -1.000000 -1.000000 
42 3 Car -1 -1 -1.000000 369.981912 187.421588 475.323515 261.114728 -1.000000 -1.000000 -1.000000 -1.000000 -1.000000 -1.000000 -1.000000 -1.000000 
42 4 Van -1 2 -1.000000 441.117845 150.655671 524.600489 232.822973 -1.000000 -1.000000 -1.000000 -1.000000 -1.000000 -1.000000 -1.000000 -1.000000 
42 5 Car -1 -1 -1.000000 486.298219 184.658539 587.320873 259.806949 -1.000000 -1.000000 -1.000000 -1.000000 -1.000000 -1.000000 -1.000000 -1.000000 
42 7 Cyclist -1 0 -1.000000 833.315594 155.550194 903.072522 252.658414 -1.000000 -1.000000 -1.000000 -1.000000 -1.000000 -1.000000 -1.000000 -1.000000 
42 8 Car -1 2 -1.000000 519.855677 179.057484 551.745652 206.092715 -1.000000 -1.000000 -1.000000 -1.000000 -1.000000 -1.000000 -1.000000 -1.000000 
43 3 Car -1 -1 -1.000000 367.052088 187.655132 473.963754 262.279564 -1.000000 -1.000000 -1.000000 -1.000000 -1.000000 -1.000000 -1.000000 -1.000000 
43 4 Van -1 2 -1.000000 440.013972 151.089190 524.290717 233.898369 -1.000000 -1.000000 -1.000000 -1.000000 -1.000000 -1.000000 -1.000000 -1.000000 
43 5 Car -1 -1 -1.000000 483.863334 185.049832 587.477581 261.873160 -1.000000 -1.000000 -1.000000 -1.000000 -1.000000 -1.000000 -1.000000 -1.000000 
43 7 Cyclist -1 0 -1.000000 828.516133 157.016340 896.052604 251.931297 -1.000000 -1.000000 -1.000000 -1.000000 -1.000000 -1.000000 -1.000000 -1.000000 
43 8 Car -1 2 -1.000000 520.055183 179.009992 552.112103 206.223073 -1.000000 -1.000000 -1.000000 -1.000000 -1.000000 -1.000000 -1.000000 -1.000000 
44 3 Car -1 -1 -1.000000 364.051854 187.893207 472.577589 263.472423 -1.000000 -1.000000 -1.000000 -1.000000 -1.000000 -1.000000 -1.000000 -1.000000 
44 4 Van -1 2 -1.000000 438.892825 151.529506 523.977076 234.990622 -1.000000 -1.000000 -1.000000 -1.000000 -1.000000 -1.000000 -1.000000 -1.000000 
44 5 Car -1 -1 -1.000000 481.325812 185.454239 587.639244 264.026893 -1.000000 -1.000000 -1.000000 -1.000000 -1.000000 -1.000000 -1.000000 -1.000000 
44 7 Cyclist -1 0 -1.000000 823.872480 155.801182 889.304588 248.608531 -1.000000 -1.000000 -1.000000 -1.000000 -1.000000 -1.000000 -1.000000 -1.000000 
44 8 Car -1 2 -1.000000 520.257331 178.961870 552.482895 206.355157 -1.000000 -1.000000 -1.000000 -1.000000 -1.000000 -1.000000 -1.000000 -1.000000 
45 3 Car -1 -1 -1.000000 360.978640 188.135946 471.164244 264.694329 -1.000000 -1.000000 -1.000000 -1.000000 -1.000000 -1.000000 -1.000000 -1.000000 
45 4 Van -1 2 -1.000000 437.753992 151.976781 523.659491 236.100130 -1.000000 -1.000000 -1.000000 -1.000000 -1.000000 -1.000000 -1.000000 -1.000000 
45 5 Car -1 -1 -1.000000 478.679000 185.872430 587.806114 266.273829 -1.000000 -1.000000 -1.000000 -1.000000 -1.000000 -1.000000 -1.000000 -1.000000 
45 7 Cyclist -1 0 -1.000000 819.690065 157.758899 882.981716 248.292046 -1.000000 -1.000000 -1.000000 -1.000000 -1.000000 -1.000000 -1.000000 -1.000000 
45 8 Car -1 2 -1.000000 520.462173 178.913108 552.858107 206.489003 -1.000000 -1.000000 -1.000000 -1.000000 -1.000000 -1.000000 -1.000000 -1.000000 
46 3 Car -1 -1 -1.000000 358.920139 188.127400 470.374768 265.433002 -1.000000 -1.000000 -1.000000 -1.000000 -1.000000 -1.000000 -1.000000 -1.000000 
46 4 Van -1 2 -1.000000 436.553273 150.891222 523.189471 235.540140 -1.000000 -1.000000 -1.000000 -1.000000 -1.000000 -1.000000 -1.000000 -1.000000 
46 5 Car -1 -1 -1.000000 475.287103 185.767232 587.239768 267.679402 -1.000000 -1.000000 -1.000000 -1.000000 -1.000000 -1.000000 -1.000000 -1.000000 
46 7 Cyclist -1 0 -1.000000 815.660698 157.554407 876.931666 245.913692 -1.000000 -1.000000 -1.000000 -1.000000 -1.000000 -1.000000 -1.000000 -1.000000 
46 8 Car -1 2 -1.000000 520.045906 179.032370 552.636212 206.751397 -1.000000 -1.000000 -1.000000 -1.000000 -1.000000 -1.000000 -1.000000 -1.000000 
47 3 Car -1 -1 -1.000000 356.820989 188.118719 469.572772 266.186277 -1.000000 -1.000000 -1.000000 -1.000000 -1.000000 -1.000000 -1.000000 -1.000000 
47 4 Van -1 2 -1.000000 435.337377 149.791902 522.714723 234.973060 -1.000000 -1.000000 -1.000000 -1.000000 -1.000000 -1.000000 -1.000000 -1.000000 
47 5 Car -1 -1 -1.000000 471.763585 185.658831 586.655806 269.139704 -1.000000 -1.000000 -1.000000 -1.000000 -1.000000 -1.000000 -1.000000 -1.000000 
47 7 Cyclist -1 0 -1.000000 811.791775 156.722523 871.155697 243.007352 -1.000000 -1.000000 -1.000000 -1.000000 -1.000000 -1.000000 -1.000000 -1.000000 
47 8 Car -1 2 -1.000000 519.625300 179.152874 552.412251 207.016528 -1.000000 -1.000000 -1.000000 -1.000000 -1.000000 -1.000000 -1.000000 -1.000000 
48 3 Car -1 -1 -1.000000 354.679974 188.109898 468.757957 266.954592 -1.000000 -1.000000 -1.000000 -1.000000 -1.000000 -1.000000 -1.000000 -1.000000 
48 4 Van -1 2 -1.000000 434.106017 148.678556 522.235177 234.398753 -1.000000 -1.000000 -1.000000 -1.000000 -1.000000 -1.000000 -1.000000 -1.000000 
48 5 Car -1 -1 -1.000000 468.100614 185.547078 586.053405 270.657996 -1.000000 -1.000000 -1.000000 -1.000000 -1.000000 -1.000000 -1.000000 -1.000000 
48 7 Cyclist -1 0 -1.000000 808.086233 156.360922 865.650229 240.668153 -1.000000 -1.000000 -1.000000 -1.000000 -1.000000 -1.000000 -1.000000 -1.000000 
48 8 Car -1 2 -1.000000 519.200286 179.274641 552.186196 207.284438 -1.000000 -1.000000 -1.000000 -1.000000 -1.000000 -1.000000 -1.000000 -1.000000 
49 3 Car -1 -1 -1.000000 352.495829 188.100936 467.930013 267.738401 -1.000000 -1.000000 -1.000000 -1.000000 -1.000000 -1.000000 -1.000000 -1.000000 
49 4 Van -1 2 -1.000000 432.858893 147.550916 521.750759 233.817080 -1.000000 -1.000000 -1.000000 -1.000000 -1.000000 -1.000000 -1.000000 -1.000000 
49 5 Car -1 -1 -1.000000 464.289725 185.431815 585.431690 272.237803 -1.000000 -1.000000 -1.000000 -1.000000 -1.000000 -1.000000 -1.000000 -1.000000 
49 7 Cyclist -1 0 -1.000000 804.522331 155.450077 860.382963 237.866174 -1.000000 -1.000000 -1.000000 -1.000000 -1.000000 -1.000000 -1.000000 -1.000000 
49 8 Car -1 2 -1.000000 518.770796 179.397690 551.958016 207.555171 -1.000000 -1.000000 -1.000000 -1.000000 -1.000000 -1.000000 -1.000000 -1.000000 
50 3 Car -1 -1 -1.000000 350.267238 188.091828 467.088620 268.538179 -1.000000 -1.000000 -1.000000 -1.000000 -1.000000 -1.000000 -1.000000 -1.000000 
50 4 Van -1 2 -1.000000 431.595703 146.408704 521.261394 233.227900 -1.000000 -1.000000 -1.000000 -1.000000 -1.000000 -1.000000 -1.000000 -1.000000 
50 5 Car -1 -1 -1.000000 460.321754 185.312873 584.789729 273.882943 -1.000000 -1.000000 -1.000000 -1.000000 -1.000000 -1.000000 -1.000000 -1.000000 
50 7 Cyclist -1 0 -1.000000 799.878411 156.266847 853.915137 236.771831 -1.000000 -1.000000 -1.000000 -1.000000 -1.000000 -1.000000 -1.000000 -1.000000 
50 8 Car -1 2 -1.000000 518.336757 179.522041 551.727681 207.828773 -1.000000 -1.000000 -1.000000 -1.000000 -1.000000 -1.000000 -1.000000 -1.000000 
51 3 Car -1 -1 -1.000000 348.458977 188.254813 464.150125 269.434909 -1.000000 -1.000000 -1.000000 -1.000000 -1.000000 -1.000000 -1.000000 -1.000000 
51 4 Van -1 2 -1.000000 430.810073 147.506746 521.056370 234.773700 -1.000000 -1.000000 -1.000000 -1.000000 -1.000000 -1.000000 -1.000000 -1.000000 
51 5 Car -1 -1 -1.000000 456.895554 185.521694 584.268211 275.466795 -1.000000 -1.000000 -1.000000 -1.000000 -1.000000 -1.000000 -1.000000 -1.000000 
51 7 Cyclist -1 0 -1.000000 795.423840 157.046650 847.740386 235.727143 -1.000000 -1.000000 -1.000000 -1.000000 -1.000000 -1.000000 -1.000000 -1.000000 
51 8 Car -1 2 -1.000000 518.115689 179.571233 551.594490 207.938779 -1.000000 -1.000000 -1.000000 -1.000000 -1.000000 -1.000000 -1.000000 -1.000000 
52 3 Car -1 1 -1.000000 346.640125 188.419946 461.165339 270.344049 -1.000000 -1.000000 -1.000000 -1.000000 -1.000000 -1.000000 -1.000000 -1.000000 
52 4 Van -1 2 -1.000000 429.991584 145.507245 520.826941 233.209515 -1.000000 -1.000000 -1.000000 -1.000000 -1.000000 -1.000000 -1.000000 -1.000000 
52 5 Car -1 -1 -1.000000 453.368727 185.735417 583.733727 277.097586 -1.000000 -1.000000 -1.000000 -1.000000 -1.000000 -1.000000 -1.000000 -1.000000 
52 7 Cyclist -1 0 -1.000000 791.147271 157.791938 841.839233 234.728805 -1.000000 -1.000000 -1.000000 -1.000000 -1.000000 -1.000000 -1.000000 -1.000000 
52 8 Car -1 2 -1.000000 517.893669 179.620637 551.460788 208.049258 -1.000000 -1.000000 -1.000000 -1.000000 -1.000000 -1.000000 -1.000000 -1.000000 
53 3 Car -1 1 -1.000000 344.810201 188.587278 458.133556 271.265805 -1.000000 -1.000000 -1.000000 -1.000000 -1.000000 -1.000000 -1.000000 -1.000000 
53 4 Van -1 2 -1.000000 429.177559 145.090308 520.607372 233.241136 -1.000000 -1.000000 -1.000000 -1.000000 -1.000000 -1.000000 -1.000000 -1.000000 
53 5 Car -1 -1 -1.000000 449.736750 185.954216 583.185809 278.816559 -1.000000 -1.000000 -1.000000 -1.000000 -1.000000 -1.000000 -1.000000 -1.000000 
53 7 Cyclist -1 0 -1.000000 787.038243 158.504954 836.193887 233.773801 -1.000000 -1.000000 -1.000000 -1.000000 -1.000000 -1.000000 -1.000000 -1.000000 
53 8 Car -1 2 -1.000000 517.670692 179.670253 551.326572 208.160214 -1.000000 -1.000000 -1.000000 -1.000000 -1.000000 -1.000000 -1.000000 -1.000000 
54 3 Car -1 1 -1.000000 342.968703 188.756858 455.054048 272.200391 -1.000000 -1.000000 -1.000000 -1.000000 -1.000000 -1.000000 -1.000000 -1.000000 
54 4 Van -1 2 -1.000000 428.370970 146.651992 520.400482 235.266807 -1.000000 -1.000000 -1.000000 -1.000000 -1.000000 -1.000000 -1.000000 -1.000000 
54 5 Car -1 -1 -1.000000 445.994820 186.178275 582.623964 280.627894 -1.000000 -1.000000 -1.000000 -1.000000 -1.000000 -1.000000 -1.000000 -1.000000 
54 7 Cyclist -1 0 -1.000000 783.087099 159.187749 830.788068 232.859367 -1.000000 -1.000000 -1.000000 -1.000000 -1.000000 -1.000000 -1.000000 -1.000000 
54 8 Car -1 2 -1.000000 517.446753 179.720084 551.191840 208.271649 -1.000000 -1.000000 -1.000000 -1.000000 -1.000000 -1.000000 -1.000000 -1.000000 
55 3 Car -1 1 -1.000000 341.115110 188.928739 451.926060 273.148023 -1.000000 -1.000000 -1.000000 -1.000000 -1.000000 -1.000000 -1.000000 -1.000000 
55 4 Van -1 2 -1.000000 427.544589 146.794223 520.181435 235.869994 -1.000000 -1.000000 -1.000000 -1.000000 -1.000000 -1.000000 -1.000000 -1.000000 
55 5 Car -1 -1 -1.000000 442.137841 186.407787 582.047676 282.498314 -1.000000 -1.000000 -1.000000 -1.000000 -1.000000 -1.000000 -1.000000 -1.000000 
55 7 Cyclist -1 0 -1.000000 779.278214 159.717718 825.490252 231.687899 -1.000000 -1.000000 -1.000000 -1.000000 -1.000000 -1.000000 -1.000000 -1.000000 
55 8 Car -1 2 -1.000000 517.221843 179.770131 551.056588 208.383567 -1.000000 -1.000000 -1.000000 -1.000000 -1.000000 -1.000000 -1.000000 -1.000000 
56 3 Car -1 2 -1.000000 339.438568 188.782403 452.701944 273.308772 -1.000000 -1.000000 -1.000000 -1.000000 -1.000000 -1.000000 -1.000000 -1.000000 
56 4 Van -1 2 -1.000000 426.831912 145.261962 519.996829 234.723521 -1.000000 -1.000000 -1.000000 -1.000000 -1.000000 -1.000000 -1.000000 -1.000000 
56 5 Car -1 -1 -1.000000 438.428171 186.454210 581.282844 283.996804 -1.000000 -1.000000 -1.000000 -1.000000 -1.000000 -1.000000 -1.000000 -1.000000 
56 7 Cyclist -1 0 -1.000000 775.625642 160.223796 820.431493 230.569356 -1.000000 -1.000000 -1.000000 -1.000000 -1.000000 -1.000000 -1.000000 -1.000000 
56 8 Car -1 2 -1.000000 516.636140 180.082673 550.606004 208.763756 -1.000000 -1.000000 -1.000000 -1.000000 -1.000000 -1.000000 -1.000000 -1.000000 
57 3 Car -1 2 -1.000000 337.759461 188.635068 453.477510 273.468843 -1.000000 -1.000000 -1.000000 -1.000000 -1.000000 -1.000000 -1.000000 -1.000000 
57 4 Van -1 2 -1.000000 426.127686 145.571284 519.824418 235.432129 -1.000000 -1.000000 -1.000000 -1.000000 -1.000000 -1.000000 -1.000000 -1.000000 
57 5 Car -1 -1 -1.000000 434.612341 186.501669 580.500650 285.540337 -1.000000 -1.000000 -1.000000 -1.000000 -1.000000 -1.000000 -1.000000 -1.000000 
57 7 Cyclist -1 0 -1.000000 772.119953 160.707565 815.595966 229.500230 -1.000000 -1.000000 -1.000000 -1.000000 -1.000000 -1.000000 -1.000000 -1.000000 
57 8 Car -1 2 -1.000000 516.047673 180.396690 550.153527 209.145741 -1.000000 -1.000000 -1.000000 -1.000000 -1.000000 -1.000000 -1.000000 -1.000000 
58 3 Car -1 2 -1.000000 336.078016 188.486716 454.252661 273.628225 -1.000000 -1.000000 -1.000000 -1.000000 -1.000000 -1.000000 -1.000000 -1.000000 
58 4 Van -1 2 -1.000000 425.411829 145.205067 519.645872 235.465079 -1.000000 -1.000000 -1.000000 -1.000000 -1.000000 -1.000000 -1.000000 -1.000000 
58 5 Car -1 -1 -1.000000 430.685709 186.550201 579.700507 287.130973 -1.000000 -1.000000 -1.000000 -1.000000 -1.000000 -1.000000 -1.000000 -1.000000 
58 7 Cyclist -1 0 -1.000000 768.752462 161.170467 810.969216 228.477319 -1.000000 -1.000000 -1.000000 -1.000000 -1.000000 -1.000000 -1.000000 -1.000000 
58 8 Car -1 2 -1.000000 515.456422 180.686672 549.699145 209.529533 -1.000000 -1.000000 -1.000000 -1.000000 -1.000000 -1.000000 -1.000000 -1.000000 
59 3 Car -1 2 -1.000000 334.394461 188.337329 455.027301 273.786908 -1.000000 -1.000000 -1.000000 -1.000000 -1.000000 -1.000000 -1.000000 -1.000000 
59 4 Van -1 2 -1.000000 424.682895 143.988411 519.459929 234.646602 -1.000000 -1.000000 -1.000000 -1.000000 -1.000000 -1.000000 -1.000000 -1.000000 
59 5 Car -1 -1 -1.000000 426.643364 186.599842 578.881800 288.770903 -1.000000 -1.000000 -1.000000 -1.000000 -1.000000 -1.000000 -1.000000 -1.000000 
59 7 Cyclist -1 0 -1.000000 765.515155 161.613824 806.538007 227.497687 -1.000000 -1.000000 -1.000000 -1.000000 -1.000000 -1.000000 -1.000000 -1.000000 
59 8 Car -1 2 -1.000000 514.862367 180.968665 549.242846 209.915146 -1.000000 -1.000000 -1.000000 -1.000000 -1.000000 -1.000000 -1.000000 -1.000000 
60 3 Car -1 2 -1.000000 332.709027 188.186887 455.801331 273.944879 -1.000000 -1.000000 -1.000000 -1.000000 -1.000000 -1.000000 -1.000000 -1.000000 
60 4 Van -1 2 -1.000000 423.968770 145.458017 519.292202 236.532485 -1.000000 -1.000000 -1.000000 -1.000000 -1.000000 -1.000000 -1.000000 -1.000000 
60 5 Car -1 -1 -1.000000 422.480099 186.650630 578.043886 290.462453 -1.000000 -1.000000 -1.000000 -1.000000 -1.000000 -1.000000 -1.000000 -1.000000 
60 7 Cyclist -1 0 -1.000000 762.171559 161.744596 802.089132 226.343039 -1.000000 -1.000000 -1.000000 -1.000000 -1.000000 -1.000000 -1.000000 -1.000000 
60 8 Car -1 2 -1.000000 514.265489 181.251850 548.784618 210.302592 -1.000000 -1.000000 -1.000000 -1.000000 -1.000000 -1.000000 -1.000000 -1.000000 
61 3 Car -1 2 -1.000000 330.806689 187.132283 454.899308 273.123798 -1.000000 -1.000000 -1.000000 -1.000000 -1.000000 -1.000000 -1.000000 -1.000000 
61 4 Van -1 2 -1.000000 423.720900 143.970987 519.273577 235.186102 -1.000000 -1.000000 -1.000000 -1.000000 -1.000000 -1.000000 -1.000000 -1.000000 
61 5 Car -1 -1 -1.000000 417.946620 186.833413 577.208441 292.336491 -1.000000 -1.000000 -1.000000 -1.000000 -1.000000 -1.000000 -1.000000 -1.000000 
61 7 Cyclist -1 0 -1.000000 758.945301 161.870372 797.810383 225.232594 -1.000000 -1.000000 -1.000000 -1.000000 -1.000000 -1.000000 -1.000000 -1.000000 
61 8 Car -1 2 -1.000000 514.010222 181.042629 548.626405 210.132249 -1.000000 -1.000000 -1.000000 -1.000000 -1.000000 -1.000000 -1.000000 -1.000000 
62 3 Car -1 2 -1.000000 328.902036 188.611544 454.009738 275.549077 -1.000000 -1.000000 -1.000000 -1.000000 -1.000000 -1.000000 -1.000000 -1.000000 
62 4 Van -1 2 -1.000000 423.494935 145.353282 519.275691 236.724857 -1.000000 -1.000000 -1.000000 -1.000000 -1.000000 -1.000000 -1.000000 -1.000000 
62 5 Car -1 -1 -1.000000 413.281992 187.020374 576.352894 294.269017 -1.000000 -1.000000 -1.000000 -1.000000 -1.000000 -1.000000 -1.000000 -1.000000 
62 7 Cyclist -1 0 -1.000000 755.830311 161.991433 793.692183 224.163859 -1.000000 -1.000000 -1.000000 -1.000000 -1.000000 -1.000000 -1.000000 -1.000000 
62 8 Car -1 2 -1.000000 513.753808 180.832572 548.467560 209.961139 -1.000000 -1.000000 -1.000000 -1.000000 -1.000000 -1.000000 -1.000000 -1.000000 
63 3 Car -1 2 -1.000000 326.964445 188.998183 453.102281 276.585620 -1.000000 -1.000000 -1.000000 -1.000000 -1.000000 -1.000000 -1.000000 -1.000000 
63 4 Van -1 2 -1.000000 423.257475 145.376172 519.267942 236.897425 -1.000000 -1.000000 -1.000000 -1.000000 -1.000000 -1.000000 -1.000000 -1.000000 
63 5 Car -1 -1 -1.000000 408.480408 187.211656 575.476535 296.262807 -1.000000 -1.000000 -1.000000 -1.000000 -1.000000 -1.000000 -1.000000 -1.000000 
63 7 Cyclist -1 0 -1.000000 752.820932 162.108039 789.725663 223.134530 -1.000000 -1.000000 -1.000000 -1.000000 -1.000000 -1.000000 -1.000000 -1.000000 
63 8 Car -1 2 -1.000000 513.496239 180.621676 548.308079 209.789259 -1.000000 -1.000000 -1.000000 -1.000000 -1.000000 -1.000000 -1.000000 -1.000000 
64 3 Car -1 2 -1.000000 325.006261 189.833433 452.189629 278.206133 -1.000000 -1.000000 -1.000000 -1.000000 -1.000000 -1.000000 -1.000000 -1.000000 
64 4 Van -1 2 -1.000000 423.024042 146.006481 519.264559 237.681086 -1.000000 -1.000000 -1.000000 -1.000000 -1.000000 -1.000000 -1.000000 -1.000000 
64 5 Car -1 -1 -1.000000 403.535712 187.407414 574.578625 298.320819 -1.000000 -1.000000 -1.000000 -1.000000 -1.000000 -1.000000 -1.000000 -1.000000 
64 7 Cyclist -1 0 -1.000000 749.911881 162.220432 785.902595 222.142465 -1.000000 -1.000000 -1.000000 -1.000000 -1.000000 -1.000000 -1.000000 -1.000000 
64 8 Car -1 2 -1.000000 513.237509 180.401123 548.147959 209.616604 -1.000000 -1.000000 -1.000000 -1.000000 -1.000000 -1.000000 -1.000000 -1.000000 
65 3 Car -1 2 -1.000000 322.990969 186.735768 451.235365 274.781340 -1.000000 -1.000000 -1.000000 -1.000000 -1.000000 -1.000000 -1.000000 -1.000000 
65 4 Van -1 2 -1.000000 422.777183 145.031383 519.249546 236.851401 -1.000000 -1.000000 -1.000000 -1.000000 -1.000000 -1.000000 -1.000000 -1.000000 
65 5 Car -1 -1 -1.000000 398.441373 187.607806 573.658385 300.446202 -1.000000 -1.000000 -1.000000 -1.000000 -1.000000 -1.000000 -1.000000 -1.000000 
65 7 Cyclist -1 0 -1.000000 746.636014 162.672814 781.560590 221.271580 -1.000000 -1.000000 -1.000000 -1.000000 -1.000000 -1.000000 -1.000000 -1.000000 
65 8 Car -1 2 -1.000000 512.977609 180.161807 547.987195 209.443167 -1.000000 -1.000000 -1.000000 -1.000000 -1.000000 -1.000000 -1.000000 -1.000000 
66 3 Car -1 2 -1.000000 321.338963 187.654442 450.486588 276.437579 -1.000000 -1.000000 -1.000000 -1.000000 -1.000000 -1.000000 -1.000000 -1.000000 
66 4 Van -1 2 -1.000000 422.751492 145.366650 519.417257 237.350021 -1.000000 -1.000000 -1.000000 -1.000000 -1.000000 -1.000000 -1.000000 -1.000000 
66 5 Car -1 -1 -1.000000 393.193703 187.475005 572.597924 301.804671 -1.000000 -1.000000 -1.000000 -1.000000 -1.000000 -1.000000 -1.000000 -1.000000 
66 7 Cyclist -1 0 -1.000000 743.491032 163.105671 777.406142 220.438352 -1.000000 -1.000000 -1.000000 -1.000000 -1.000000 -1.000000 -1.000000 -1.000000 
66 8 Car -1 2 -1.000000 513.088359 180.363725 548.158070 209.713578 -1.000000 -1.000000 -1.000000 -1.000000 -1.000000 -1.000000 -1.000000 -1.000000 
67 3 Car -1 2 -1.000000 319.678912 189.788320 449.741454 279.667556 -1.000000 -1.000000 -1.000000 -1.000000 -1.000000 -1.000000 -1.000000 -1.000000 
67 4 Van -1 2 -1.000000 422.725719 145.703115 519.585428 237.850388 -1.000000 -1.000000 -1.000000 -1.000000 -1.000000 -1.000000 -1.000000 -1.000000 
67 5 Car -1 -1 -1.000000 387.820768 187.339649 571.514284 303.199542 -1.000000 -1.000000 -1.000000 -1.000000 -1.000000 -1.000000 -1.000000 -1.000000 
67 7 Cyclist -1 0 -1.000000 740.469245 163.520241 773.427356 219.640389 -1.000000 -1.000000 -1.000000 -1.000000 -1.000000 -1.000000 -1.000000 -1.000000 
67 8 Car -1 2 -1.000000 513.199627 180.556912 548.329654 209.985254 -1.000000 -1.000000 -1.000000 -1.000000 -1.000000 -1.000000 -1.000000 -1.000000 
68 3 Car -1 2 -1.000000 317.973406 188.596578 448.962405 278.619330 -1.000000 -1.000000 -1.000000 -1.000000 -1.000000 -1.000000 -1.000000 -1.000000 
68 4 Van -1 2 -1.000000 422.699864 146.040783 519.754062 238.352512 -1.000000 -1.000000 -1.000000 -1.000000 -1.000000 -1.000000 -1.000000 -1.000000 
68 5 Car -1 -1 -1.000000 382.318006 187.201659 570.406737 304.632300 -1.000000 -1.000000 -1.000000 -1.000000 -1.000000 -1.000000 -1.000000 -1.000000 
68 7 Cyclist -1 0 -1.000000 737.563554 163.917657 769.613323 218.875499 -1.000000 -1.000000 -1.000000 -1.000000 -1.000000 -1.000000 -1.000000 -1.000000 
68 8 Car -1 2 -1.000000 513.311417 180.737818 548.501952 210.258203 -1.000000 -1.000000 -1.000000 -1.000000 -1.000000 -1.000000 -1.000000 -1.000000 
69 3 Car -1 2 -1.000000 316.270205 189.960255 448.197888 280.873302 -1.000000 -1.000000 -1.000000 -1.000000 -1.000000 -1.000000 -1.000000 -1.000000 
69 4 Van -1 2 -1.000000 422.673926 146.379662 519.923162 238.856402 -1.000000 -1.000000 -1.000000 -1.000000 -1.000000 -1.000000 -1.000000 -1.000000 
69 5 Car -1 -1 -1.000000 376.680629 187.060954 569.274522 306.104514 -1.000000 -1.000000 -1.000000 -1.000000 -1.000000 -1.000000 -1.000000 -1.000000 
69 7 Cyclist -1 0 -1.000000 734.767394 164.298965 765.954015 218.141667 -1.000000 -1.000000 -1.000000 -1.000000 -1.000000 -1.000000 -1.000000 -1.000000 
69 8 Car -1 2 -1.000000 513.423731 180.919478 548.674968 210.532436 -1.000000 -1.000000 -1.000000 -1.000000 -1.000000 -1.000000 -1.000000 -1.000000 
70 3 Car -1 2 -1.000000 314.515381 187.290559 447.393563 277.921027 -1.000000 -1.000000 -1.000000 -1.000000 -1.000000 -1.000000 -1.000000 -1.000000 
70 4 Van -1 2 -1.000000 422.647906 146.719757 520.092728 239.362066 -1.000000 -1.000000 -1.000000 -1.000000 -1.000000 -1.000000 -1.000000 -1.000000 
70 5 Car -1 -1 -1.000000 370.903607 186.917450 568.116850 307.617839 -1.000000 -1.000000 -1.000000 -1.000000 -1.000000 -1.000000 -1.000000 -1.000000 
70 7 Cyclist -1 0 -1.000000 732.520462 161.023892 763.005830 213.940103 -1.000000 -1.000000 -1.000000 -1.000000 -1.000000 -1.000000 -1.000000 -1.000000 
70 8 Car -1 2 -1.000000 513.536575 181.101897 548.848707 210.807960 -1.000000 -1.000000 -1.000000 -1.000000 -1.000000 -1.000000 -1.000000 -1.000000 
71 3 Car -1 2 -1.000000 312.629413 187.297342 447.408574 278.244540 -1.000000 -1.000000 -1.000000 -1.000000 -1.000000 -1.000000 -1.000000 -1.000000 
71 4 Van -1 2 -1.000000 421.744904 146.092651 519.667367 239.002226 -1.000000 -1.000000 -1.000000 -1.000000 -1.000000 -1.000000 -1.000000 -1.000000 
71 5 Car -1 -1 -1.000000 365.606877 187.324561 566.462763 310.168343 -1.000000 -1.000000 -1.000000 -1.000000 -1.000000 -1.000000 -1.000000 -1.000000 
71 7 Cyclist -1 0 -1.000000 730.379939 161.001441 760.196814 213.030062 -1.000000 -1.000000 -1.000000 -1.000000 -1.000000 -1.000000 -1.000000 -1.000000 
71 8 Car -1 2 -1.000000 513.231560 180.807881 548.624987 210.520674 -1.000000 -1.000000 -1.000000 -1.000000 -1.000000 -1.000000 -1.000000 -1.000000 
72 3 Car -1 2 -1.000000 310.735901 187.304237 447.420607 278.569362 -1.000000 -1.000000 -1.000000 -1.000000 -1.000000 -1.000000 -1.000000 -1.000000 
72 4 Van -1 2 -1.000000 420.836673 145.461868 519.240063 238.640295 -1.000000 -1.000000 -1.000000 -1.000000 -1.000000 -1.000000 -1.000000 -1.000000 
72 5 Car -1 -1 -1.000000 360.139592 187.740829 564.771409 312.803009 -1.000000 -1.000000 -1.000000 -1.000000 -1.000000 -1.000000 -1.000000 -1.000000 
72 7 Cyclist -1 0 -1.000000 728.332021 163.318198 757.510136 214.494044 -1.000000 -1.000000 -1.000000 -1.000000 -1.000000 -1.000000 -1.000000 -1.000000 
72 8 Car -1 2 -1.000000 512.925631 180.513084 548.400672 210.232527 -1.000000 -1.000000 -1.000000 -1.000000 -1.000000 -1.000000 -1.000000 -1.000000 
73 3 Car -1 2 -1.000000 308.834858 187.311245 447.429599 278.895498 -1.000000 -1.000000 -1.000000 -1.000000 -1.000000 -1.000000 -1.000000 -1.000000 
73 4 Van -1 2 -1.000000 419.923167 144.827376 518.810802 238.276254 -1.000000 -1.000000 -1.000000 -1.000000 -1.000000 -1.000000 -1.000000 -1.000000 
73 5 Car -1 -1 -1.000000 354.493378 188.166566 563.041514 315.526072 -1.000000 -1.000000 -1.000000 -1.000000 -1.000000 -1.000000 -1.000000 -1.000000 
73 7 Cyclist -1 0 -1.000000 726.294315 161.048689 754.853202 211.388767 -1.000000 -1.000000 -1.000000 -1.000000 -1.000000 -1.000000 -1.000000 -1.000000 
73 8 Car -1 2 -1.000000 512.618785 180.183961 548.175761 209.943516 -1.000000 -1.000000 -1.000000 -1.000000 -1.000000 -1.000000 -1.000000 -1.000000 
74 3 Car -1 2 -1.000000 306.926295 187.318369 447.435488 279.222956 -1.000000 -1.000000 -1.000000 -1.000000 -1.000000 -1.000000 -1.000000 -1.000000 
74 4 Van -1 2 -1.000000 419.004339 144.189141 518.379570 237.910085 -1.000000 -1.000000 -1.000000 -1.000000 -1.000000 -1.000000 -1.000000 -1.000000 
74 5 Car -1 -1 -1.000000 348.659306 188.602098 561.271745 318.342057 -1.000000 -1.000000 -1.000000 -1.000000 -1.000000 -1.000000 -1.000000 -1.000000 
74 7 Cyclist -1 0 -1.000000 724.371299 163.556502 752.340706 213.098443 -1.000000 -1.000000 -1.000000 -1.000000 -1.000000 -1.000000 -1.000000 -1.000000 
74 8 Car -1 2 -1.000000 512.311017 179.849652 547.950250 209.653636 -1.000000 -1.000000 -1.000000 -1.000000 -1.000000 -1.000000 -1.000000 -1.000000 
75 3 Car -1 2 -1.000000 305.010226 187.325609 447.438207 279.551744 -1.000000 -1.000000 -1.000000 -1.000000 -1.000000 -1.000000 -1.000000 -1.000000 
75 4 Van -1 2 -1.000000 418.080143 143.547132 517.946355 237.541770 -1.000000 -1.000000 -1.000000 -1.000000 -1.000000 -1.000000 -1.000000 -1.000000 
75 5 Car -1 -1 -1.000000 342.627839 189.047769 559.460709 321.255801 -1.000000 -1.000000 -1.000000 -1.000000 -1.000000 -1.000000 -1.000000 -1.000000 
75 7 Cyclist -1 0 -1.000000 722.639235 163.721794 750.066486 212.514912 -1.000000 -1.000000 -1.000000 -1.000000 -1.000000 -1.000000 -1.000000 -1.000000 
75 8 Car -1 2 -1.000000 512.002323 179.514337 547.724139 209.362884 -1.000000 -1.000000 -1.000000 -1.000000 -1.000000 -1.000000 -1.000000 -1.000000 
76 3 Car -1 2 -1.000000 303.437413 187.252339 446.019804 280.224429 -1.000000 -1.000000 -1.000000 -1.000000 -1.000000 -1.000000 -1.000000 -1.000000 
76 4 Van -1 2 -1.000000 417.259779 142.144528 517.204239 236.450890 -1.000000 -1.000000 -1.000000 -1.000000 -1.000000 -1.000000 -1.000000 -1.000000 
76 5 Car -1 -1 -1.000000 335.681818 189.085646 558.198615 323.406707 -1.000000 -1.000000 -1.000000 -1.000000 -1.000000 -1.000000 -1.000000 -1.000000 
76 7 Cyclist -1 0 -1.000000 720.955442 163.882169 747.859957 211.948764 -1.000000 -1.000000 -1.000000 -1.000000 -1.000000 -1.000000 -1.000000 -1.000000 
76 8 Car -1 2 -1.000000 511.413487 179.140585 547.284966 209.066759 -1.000000 -1.000000 -1.000000 -1.000000 -1.000000 -1.000000 -1.000000 -1.000000 
77 3 Car -1 2 -1.000000 301.843358 187.178293 444.581763 280.907648 -1.000000 -1.000000 -1.000000 -1.000000 -1.000000 -1.000000 -1.000000 -1.000000 
77 4 Van -1 2 -1.000000 416.466374 144.878540 516.487810 239.520787 -1.000000 -1.000000 -1.000000 -1.000000 -1.000000 -1.000000 -1.000000 -1.000000 
77 5 Car -1 -1 -1.000000 328.549719 189.124454 556.905077 325.624286 -1.000000 -1.000000 -1.000000 -1.000000 -1.000000 -1.000000 -1.000000 -1.000000 
77 7 Cyclist -1 0 -1.000000 719.317930 164.037845 745.718143 211.399233 -1.000000 -1.000000 -1.000000 -1.000000 -1.000000 -1.000000 -1.000000 -1.000000 
77 8 Car -1 2 -1.000000 510.821569 178.764878 546.843757 208.769083 -1.000000 -1.000000 -1.000000 -1.000000 -1.000000 -1.000000 -1.000000 -1.000000 
78 3 Car -1 2 -1.000000 300.227517 187.103454 443.123746 281.601652 -1.000000 -1.000000 -1.000000 -1.000000 -1.000000 -1.000000 -1.000000 -1.000000 
78 4 Van -1 2 -1.000000 415.641829 144.306106 515.743780 239.268802 -1.000000 -1.000000 -1.000000 -1.000000 -1.000000 -1.000000 -1.000000 -1.000000 
78 5 Car -1 -1 -1.000000 321.223923 189.164225 555.578982 327.911682 -1.000000 -1.000000 -1.000000 -1.000000 -1.000000 -1.000000 -1.000000 -1.000000 
78 7 Cyclist -1 0 -1.000000 717.724816 164.189023 743.638238 210.865600 -1.000000 -1.000000 -1.000000 -1.000000 -1.000000 -1.000000 -1.000000 -1.000000 
78 8 Car -1 2 -1.000000 510.226544 178.387199 546.400497 208.469844 -1.000000 -1.000000 -1.000000 -1.000000 -1.000000 -1.000000 -1.000000 -1.000000 
79 3 Car -1 2 -1.000000 298.589331 187.027808 441.645407 282.306700 -1.000000 -1.000000 -1.000000 -1.000000 -1.000000 -1.000000 -1.000000 -1.000000 
79 4 Van -1 2 -1.000000 414.799626 142.156581 514.984563 237.432048 -1.000000 -1.000000 -1.000000 -1.000000 -1.000000 -1.000000 -1.000000 -1.000000 
79 5 Car -1 -1 -1.000000 313.696382 189.204993 554.219167 330.272239 -1.000000 -1.000000 -1.000000 -1.000000 -1.000000 -1.000000 -1.000000 -1.000000 
79 7 Cyclist -1 0 -1.000000 716.174320 164.335897 741.617595 210.347183 -1.000000 -1.000000 -1.000000 -1.000000 -1.000000 -1.000000 -1.000000 -1.000000 
79 8 Car -1 2 -1.000000 509.628388 178.007534 545.955172 208.169030 -1.000000 -1.000000 -1.000000 -1.000000 -1.000000 -1.000000 -1.000000 -1.000000 
80 3 Car -1 2 -1.000000 296.928219 186.951339 440.146389 283.023057 -1.000000 -1.000000 -1.000000 -1.000000 -1.000000 -1.000000 -1.000000 -1.000000 
80 4 Van -1 2 -1.000000 413.978711 143.448439 514.245856 239.059520 -1.000000 -1.000000 -1.000000 -1.000000 -1.000000 -1.000000 -1.000000 -1.000000 
80 5 Car -1 -1 -1.000000 305.958592 189.246792 552.824413 332.709520 -1.000000 -1.000000 -1.000000 -1.000000 -1.000000 -1.000000 -1.000000 -1.000000 
80 7 Cyclist -1 0 -1.000000 714.605206 164.406980 739.539270 209.678762 -1.000000 -1.000000 -1.000000 -1.000000 -1.000000 -1.000000 -1.000000 -1.000000 
80 8 Car -1 2 -1.000000 509.027076 177.625867 545.507767 207.866628 -1.000000 -1.000000 -1.000000 -1.000000 -1.000000 -1.000000 -1.000000 -1.000000 
81 3 Car -1 2 -1.000000 295.731158 187.776716 439.459627 284.378260 -1.000000 -1.000000 -1.000000 -1.000000 -1.000000 -1.000000 -1.000000 -1.000000 
81 4 Van -1 2 -1.000000 412.654084 143.768652 513.795556 239.859735 -1.000000 -1.000000 -1.000000 -1.000000 -1.000000 -1.000000 -1.000000 -1.000000 
81 5 Car -1 -1 -1.000000 300.174629 189.972892 551.034815 336.220482 -1.000000 -1.000000 -1.000000 -1.000000 -1.000000 -1.000000 -1.000000 -1.000000 
81 7 Cyclist -1 0 -1.000000 713.082757 164.475818 737.526652 209.031489 -1.000000 -1.000000 -1.000000 -1.000000 -1.000000 -1.000000 -1.000000 -1.000000 
81 8 Car -1 2 -1.000000 508.688212 177.853721 545.570968 208.136092 -1.000000 -1.000000 -1.000000 -1.000000 -1.000000 -1.000000 -1.000000 -1.000000 
82 3 Car -1 2 -1.000000 294.527272 188.605616 438.769914 285.741227 -1.000000 -1.000000 -1.000000 -1.000000 -1.000000 -1.000000 -1.000000 -1.000000 
82 4 Van -1 2 -1.000000 411.316376 144.092129 513.341678 240.667906 -1.000000 -1.000000 -1.000000 -1.000000 -1.000000 -1.000000 -1.000000 -1.000000 
82 5 Car -1 -1 -1.000000 294.195644 190.714769 549.205550 339.850801 -1.000000 -1.000000 -1.000000 -1.000000 -1.000000 -1.000000 -1.000000 -1.000000 
82 7 Cyclist -1 0 -1.000000 711.604923 164.542515 735.576676 208.404377 -1.000000 -1.000000 -1.000000 -1.000000 -1.000000 -1.000000 -1.000000 -1.000000 
82 8 Car -1 2 -1.000000 508.348750 178.082270 545.634086 208.406257 -1.000000 -1.000000 -1.000000 -1.000000 -1.000000 -1.000000 -1.000000 -1.000000 
83 3 Car -1 2 -1.000000 293.316504 189.438061 438.077234 287.112023 -1.000000 -1.000000 -1.000000 -1.000000 -1.000000 -1.000000 -1.000000 -1.000000 
83 4 Van -1 2 -1.000000 409.965390 144.418919 512.884179 241.484151 -1.000000 -1.000000 -1.000000 -1.000000 -1.000000 -1.000000 -1.000000 -1.000000 
83 5 Car -1 -1 -1.000000 288.011550 191.472945 547.335305 343.606662 -1.000000 -1.000000 -1.000000 -1.000000 -1.000000 -1.000000 -1.000000 -1.000000 
83 7 Cyclist -1 0 -1.000000 710.169772 164.607169 733.686460 207.796499 -1.000000 -1.000000 -1.000000 -1.000000 -1.000000 -1.000000 -1.000000 -1.000000 
83 8 Car -1 2 -1.000000 508.008692 178.311516 545.697118 208.677125 -1.000000 -1.000000 -1.000000 -1.000000 -1.000000 -1.000000 -1.000000 -1.000000 
84 3 Car -1 2 -1.000000 292.098794 190.274073 437.381566 288.490716 -1.000000 -1.000000 -1.000000 -1.000000 -1.000000 -1.000000 -1.000000 -1.000000 
84 4 Van -1 2 -1.000000 408.600929 144.749073 512.423016 242.308593 -1.000000 -1.000000 -1.000000 -1.000000 -1.000000 -1.000000 -1.000000 -1.000000 
84 5 Car -1 -1 -1.000000 281.611558 192.247965 545.422711 347.494683 -1.000000 -1.000000 -1.000000 -1.000000 -1.000000 -1.000000 -1.000000 -1.000000 
84 7 Cyclist -1 0 -1.000000 708.775480 164.669872 731.853300 207.206983 -1.000000 -1.000000 -1.000000 -1.000000 -1.000000 -1.000000 -1.000000 -1.000000 
84 8 Car -1 2 -1.000000 507.668040 178.541463 545.760062 208.948699 -1.000000 -1.000000 -1.000000 -1.000000 -1.000000 -1.000000 -1.000000 -1.000000 
85 3 Car -1 2 -1.000000 290.874082 191.113675 436.682891 289.877374 -1.000000 -1.000000 -1.000000 -1.000000 -1.000000 -1.000000 -1.000000 -1.000000 
85 4 Van -1 2 -1.000000 407.222789 145.082643 511.958145 243.141353 -1.000000 -1.000000 -1.000000 -1.000000 -1.000000 -1.000000 -1.000000 -1.000000 
85 5 Car -1 -1 -1.000000 274.984103 193.040400 543.466333 351.521954 -1.000000 -1.000000 -1.000000 -1.000000 -1.000000 -1.000000 -1.000000 -1.000000 
85 7 Cyclist -1 0 -1.000000 706.870321 165.616873 729.599361 207.721333 -1.000000 -1.000000 -1.000000 -1.000000 -1.000000 -1.000000 -1.000000 -1.000000 
85 8 Car -1 2 -1.000000 507.326795 178.772112 545.822916 209.220979 -1.000000 -1.000000 -1.000000 -1.000000 -1.000000 -1.000000 -1.000000 -1.000000 
