0 1 Van -1 0 -1.000000 319.742926 153.236928 517.867808 312.205601 -1.000000 -1.000000 -1.000000 -1.000000 -1.000000 -1.000000 -1.000000 -1.000000 
0 4 Car -1 0 -1.000000 663.578882 181.094129 732.812008 232.295593 -1.000000 -1.000000 -1.000000 -1.000000 -1.000000 -1.000000 -1.000000 -1.000000 
1 1 Van -1 0 -1.000000 262.841250 147.481659 506.782708 337.556173 -1.000000 -1.000000 -1.000000 -1.000000 -1.000000 -1.000000 -1.000000 -1.000000 
1 4 Car -1 0 -1.000000 664.198491 179.068969 736.513905 232.146564 -1.000000 -1.000000 -1.000000 -1.000000 -1.000000 -1.000000 -1.000000 -1.000000 
1 8 Car -1 2 -1.000000 320.195320 199.951988 443.096409 266.857333 -1.000000 -1.000000 -1.000000 -1.000000 -1.000000 -1.000000 -1.000000 -1.000000 
2 1 Van -1 0 -1.000000 178.285885 138.953719 492.745838 375.268724 -1.000000 -1.000000 -1.000000 -1.000000 -1.000000 -1.000000 -1.000000 -1.000000 
2 4 Car -1 0 -1.000000 664.917438 177.998488 740.652321 233.295811 -1.000000 -1.000000 -1.000000 -1.000000 -1.000000 -1.000000 -1.000000 -1.000000 
2 8 Car -1 2 -1.000000 303.477706 200.774773 434.908114 271.489647 -1.000000 -1.000000 -1.000000 -1.000000 -1.000000 -1.000000 -1.000000 -1.000000 
3 1 Van -1 0 -1.000000 39.446636 125.013664 474.397119 437.301140 -1.000000 -1.000000 -1.000000 -1.000000 -1.000000 -1.000000 -1.000000 -1.000000 
3 4 Car -1 0 -1.000000 665.706789 179.898260 745.158554 237.602387 -1.000000 -1.000000 -1.000000 -1.000000 -1.000000 -1.000000 -1.000000 -1.000000 
3 6 Car -1 2 -1.000000 414.844032 186.385385 490.721712 236.348879 -1.000000 -1.000000 -1.000000 -1.000000 -1.000000 -1.000000 -1.000000 -1.000000 
3 7 Car -1 2 -1.000000 450.336503 184.455040 511.651240 224.532732 -1.000000 -1.000000 -1.000000 -1.000000 -1.000000 -1.000000 -1.000000 -1.000000 
3 8 Car -1 2 -1.000000 284.875331 201.668589 426.012296 276.644763 -1.000000 -1.000000 -1.000000 -1.000000 -1.000000 -1.000000 -1.000000 -1.000000 
4 4 Car -1 0 -1.000000 666.154328 181.134632 749.310465 241.416555 -1.000000 -1.000000 -1.000000 -1.000000 -1.000000 -1.000000 -1.000000 -1.000000 
4 5 Car -1 0 -1.000000 503.838180 182.173581 541.022587 207.206505 -1.000000 -1.000000 -1.000000 -1.000000 -1.000000 -1.000000 -1.000000 -1.000000 
4 6 Car -1 1 -1.000000 406.054004 187.310164 485.569194 239.338533 -1.000000 -1.000000 -1.000000 -1.000000 -1.000000 -1.000000 -1.000000 -1.000000 
4 7 Car -1 2 -1.000000 442.979726 184.325705 507.051438 225.616166 -1.000000 -1.000000 -1.000000 -1.000000 -1.000000 -1.000000 -1.000000 -1.000000 
4 8 Car -1 2 -1.000000 264.050391 202.643050 416.313128 282.416478 -1.000000 -1.000000 -1.000000 -1.000000 -1.000000 -1.000000 -1.000000 -1.000000 
5 4 Car -1 0 -1.000000 666.781120 184.668694 754.222038 248.567216 -1.000000 -1.000000 -1.000000 -1.000000 -1.000000 -1.000000 -1.000000 -1.000000 
5 5 Car -1 0 -1.000000 500.171414 184.376255 538.550086 210.106164 -1.000000 -1.000000 -1.000000 -1.000000 -1.000000 -1.000000 -1.000000 -1.000000 
5 6 Car -1 1 -1.000000 396.578481 189.124167 480.083372 243.551390 -1.000000 -1.000000 -1.000000 -1.000000 -1.000000 -1.000000 -1.000000 -1.000000 
5 7 Car -1 2 -1.000000 436.480325 186.705777 503.355197 229.664786 -1.000000 -1.000000 -1.000000 -1.000000 -1.000000 -1.000000 -1.000000 -1.000000 
5 8 Car -1 2 -1.000000 240.579233 203.709583 405.696661 288.922456 -1.000000 -1.000000 -1.000000 -1.000000 -1.000000 -1.000000 -1.000000 -1.000000 
6 4 Car -1 0 -1.000000 668.180601 185.887307 760.503254 253.418928 -1.000000 -1.000000 -1.000000 -1.000000 -1.000000 -1.000000 -1.000000 -1.000000 
6 5 Car -1 0 -1.000000 496.495516 185.874904 536.110453 212.259336 -1.000000 -1.000000 -1.000000 -1.000000 -1.000000 -1.000000 -1.000000 -1.000000 
6 6 Car -1 0 -1.000000 386.325099 191.062085 474.222494 248.110393 -1.000000 -1.000000 -1.000000 -1.000000 -1.000000 -1.000000 -1.000000 -1.000000 
6 7 Car -1 2 -1.000000 429.150733 188.940603 499.095038 233.653185 -1.000000 -1.000000 -1.000000 -1.000000 -1.000000 -1.000000 -1.000000 -1.000000 
6 8 Car -1 2 -1.000000 213.923217 204.881887 394.026322 296.312332 -1.000000 -1.000000 -1.000000 -1.000000 -1.000000 -1.000000 -1.000000 -1.000000 
7 4 Car -1 0 -1.000000 669.702845 187.212754 767.475952 258.805166 -1.000000 -1.000000 -1.000000 -1.000000 -1.000000 -1.000000 -1.000000 -1.000000 
7 5 Car -1 0 -1.000000 492.822423 187.789985 533.717197 214.896113 -1.000000 -1.000000 -1.000000 -1.000000 -1.000000 -1.000000 -1.000000 -1.000000 
7 6 Car -1 0 -1.000000 375.134441 193.167847 467.897533 253.097324 -1.000000 -1.000000 -1.000000 -1.000000 -1.000000 -1.000000 -1.000000 -1.000000 
7 7 Car -1 2 -1.000000 421.734468 190.575784 494.938505 237.065028 -1.000000 -1.000000 -1.000000 -1.000000 -1.000000 -1.000000 -1.000000 -1.000000 
7 8 Car -1 1 -1.000000 184.522770 206.205113 382.795402 305.044672 -1.000000 -1.000000 -1.000000 -1.000000 -1.000000 -1.000000 -1.000000 -1.000000 
8 4 Car -1 0 -1.000000 672.926763 187.938977 777.130528 263.819919 -1.000000 -1.000000 -1.000000 -1.000000 -1.000000 -1.000000 -1.000000 -1.000000 
8 5 Car -1 0 -1.000000 490.944465 188.097759 533.001949 215.791885 -1.000000 -1.000000 -1.000000 -1.000000 -1.000000 -1.000000 -1.000000 -1.000000 
8 6 Car -1 0 -1.000000 365.518753 192.904986 463.227711 255.459322 -1.000000 -1.000000 -1.000000 -1.000000 -1.000000 -1.000000 -1.000000 -1.000000 
8 7 Car -1 2 -1.000000 415.699311 190.111031 492.071602 238.087878 -1.000000 -1.000000 -1.000000 -1.000000 -1.000000 -1.000000 -1.000000 -1.000000 
8 8 Car -1 0 -1.000000 150.336117 207.680129 370.274888 315.200549 -1.000000 -1.000000 -1.000000 -1.000000 -1.000000 -1.000000 -1.000000 -1.000000 
9 4 Car -1 0 -1.000000 676.454329 188.733557 787.954387 269.442543 -1.000000 -1.000000 -1.000000 -1.000000 -1.000000 -1.000000 -1.000000 -1.000000 
9 5 Car -1 0 -1.000000 489.360748 187.859400 532.596868 216.109486 -1.000000 -1.000000 -1.000000 -1.000000 -1.000000 -1.000000 -1.000000 -1.000000 
9 6 Car -1 0 -1.000000 354.431277 193.917692 457.899519 259.556150 -1.000000 -1.000000 -1.000000 -1.000000 -1.000000 -1.000000 -1.000000 -1.000000 
9 7 Car -1 2 -1.000000 409.950037 191.044441 488.525846 240.929017 -1.000000 -1.000000 -1.000000 -1.000000 -1.000000 -1.000000 -1.000000 -1.000000 
9 8 Car -1 0 -1.000000 110.090930 209.334641 356.229141 327.158948 -1.000000 -1.000000 -1.000000 -1.000000 -1.000000 -1.000000 -1.000000 -1.000000 
10 4 Car -1 0 -1.000000 680.330561 189.606623 800.173641 275.790694 -1.000000 -1.000000 -1.000000 -1.000000 -1.000000 -1.000000 -1.000000 -1.000000 
10 5 Car -1 0 -1.000000 487.453873 189.022147 531.944594 218.000077 -1.000000 -1.000000 -1.000000 -1.000000 -1.000000 -1.000000 -1.000000 -1.000000 
10 6 Car -1 0 -1.000000 345.137752 195.918307 454.472851 265.175083 -1.000000 -1.000000 -1.000000 -1.000000 -1.000000 -1.000000 -1.000000 -1.000000 
10 7 Car -1 2 -1.000000 404.409409 191.669032 486.357852 243.530757 -1.000000 -1.000000 -1.000000 -1.000000 -1.000000 -1.000000 -1.000000 -1.000000 
10 8 Car -1 0 -1.000000 62.020084 211.203536 340.361395 341.446483 -1.000000 -1.000000 -1.000000 -1.000000 -1.000000 -1.000000 -1.000000 -1.000000 
11 4 Car -1 0 -1.000000 686.231170 189.388730 816.206260 281.672655 -1.000000 -1.000000 -1.000000 -1.000000 -1.000000 -1.000000 -1.000000 -1.000000 
11 5 Car -1 0 -1.000000 486.708580 188.756814 532.391715 218.341097 -1.000000 -1.000000 -1.000000 -1.000000 -1.000000 -1.000000 -1.000000 -1.000000 
11 6 Car -1 0 -1.000000 334.469608 196.370642 450.412872 269.219604 -1.000000 -1.000000 -1.000000 -1.000000 -1.000000 -1.000000 -1.000000 -1.000000 
11 7 Car -1 2 -1.000000 398.438454 192.334661 484.047317 246.334722 -1.000000 -1.000000 -1.000000 -1.000000 -1.000000 -1.000000 -1.000000 -1.000000 
11 8 Car -1 0 -1.000000 3.595182 213.331369 322.292546 358.817044 -1.000000 -1.000000 -1.000000 -1.000000 -1.000000 -1.000000 -1.000000 -1.000000 
12 4 Car -1 0 -1.000000 692.804586 189.145931 834.717530 288.461577 -1.000000 -1.000000 -1.000000 -1.000000 -1.000000 -1.000000 -1.000000 -1.000000 
12 5 Car -1 0 -1.000000 486.568259 188.889157 532.786697 219.148038 -1.000000 -1.000000 -1.000000 -1.000000 -1.000000 -1.000000 -1.000000 -1.000000 
12 6 Car -1 0 -1.000000 322.674208 196.860917 446.012063 273.691945 -1.000000 -1.000000 -1.000000 -1.000000 -1.000000 -1.000000 -1.000000 -1.000000 
12 7 Car -1 2 -1.000000 391.985014 193.045510 481.579708 249.365441 -1.000000 -1.000000 -1.000000 -1.000000 -1.000000 -1.000000 -1.000000 -1.000000 
13 4 Car -1 0 -1.000000 700.172820 188.873696 856.330454 296.384756 -1.000000 -1.000000 -1.000000 -1.000000 -1.000000 -1.000000 -1.000000 -1.000000 
13 5 Car -1 0 -1.000000 487.071378 187.965484 533.780528 218.810444 -1.000000 -1.000000 -1.000000 -1.000000 -1.000000 -1.000000 -1.000000 -1.000000 
13 6 Car -1 0 -1.000000 308.963427 196.435519 440.752355 277.436562 -1.000000 -1.000000 -1.000000 -1.000000 -1.000000 -1.000000 -1.000000 -1.000000 
13 7 Car -1 1 -1.000000 386.664571 192.485463 480.340303 251.068757 -1.000000 -1.000000 -1.000000 -1.000000 -1.000000 -1.000000 -1.000000 -1.000000 
14 4 Car -1 0 -1.000000 708.489277 188.566324 881.895900 305.752363 -1.000000 -1.000000 -1.000000 -1.000000 -1.000000 -1.000000 -1.000000 -1.000000 
14 5 Car -1 0 -1.000000 487.256045 186.356783 534.506183 217.734282 -1.000000 -1.000000 -1.000000 -1.000000 -1.000000 -1.000000 -1.000000 -1.000000 
14 6 Car -1 0 -1.000000 294.214900 196.320148 435.595593 282.107134 -1.000000 -1.000000 -1.000000 -1.000000 -1.000000 -1.000000 -1.000000 -1.000000 
14 7 Car -1 1 -1.000000 378.920991 192.007774 478.045125 253.050677 -1.000000 -1.000000 -1.000000 -1.000000 -1.000000 -1.000000 -1.000000 -1.000000 
15 4 Car -1 0 -1.000000 717.949560 188.216541 912.607297 316.999004 -1.000000 -1.000000 -1.000000 -1.000000 -1.000000 -1.000000 -1.000000 -1.000000 
15 5 Car -1 0 -1.000000 486.921841 183.613476 534.787627 215.411670 -1.000000 -1.000000 -1.000000 -1.000000 -1.000000 -1.000000 -1.000000 -1.000000 
15 6 Car -1 0 -1.000000 277.057728 194.570606 429.518525 285.234686 -1.000000 -1.000000 -1.000000 -1.000000 -1.000000 -1.000000 -1.000000 -1.000000 
15 7 Car -1 1 -1.000000 371.581042 188.782715 476.486500 251.916350 -1.000000 -1.000000 -1.000000 -1.000000 -1.000000 -1.000000 -1.000000 -1.000000 
16 4 Car -1 0 -1.000000 728.954918 187.482559 949.360582 330.115226 -1.000000 -1.000000 -1.000000 -1.000000 -1.000000 -1.000000 -1.000000 -1.000000 
16 5 Car -1 0 -1.000000 486.592483 182.809889 535.099979 215.286070 -1.000000 -1.000000 -1.000000 -1.000000 -1.000000 -1.000000 -1.000000 -1.000000 
16 6 Car -1 0 -1.000000 257.887955 194.787317 423.055129 291.647328 -1.000000 -1.000000 -1.000000 -1.000000 -1.000000 -1.000000 -1.000000 -1.000000 
16 7 Car -1 1 -1.000000 362.018556 189.015342 472.353741 255.277706 -1.000000 -1.000000 -1.000000 -1.000000 -1.000000 -1.000000 -1.000000 -1.000000 
17 4 Car -1 0 -1.000000 739.718786 188.711446 992.220687 349.754872 -1.000000 -1.000000 -1.000000 -1.000000 -1.000000 -1.000000 -1.000000 -1.000000 
17 5 Car -1 0 -1.000000 485.003066 182.123397 534.897110 215.364579 -1.000000 -1.000000 -1.000000 -1.000000 -1.000000 -1.000000 -1.000000 -1.000000 
17 6 Car -1 0 -1.000000 233.354976 195.761596 413.978564 299.979929 -1.000000 -1.000000 -1.000000 -1.000000 -1.000000 -1.000000 -1.000000 -1.000000 
17 7 Car -1 1 -1.000000 351.477667 189.267053 467.881234 258.983583 -1.000000 -1.000000 -1.000000 -1.000000 -1.000000 -1.000000 -1.000000 -1.000000 
18 4 Car -1 0 -1.000000 752.329030 190.153423 1047.379676 374.957496 -1.000000 -1.000000 -1.000000 -1.000000 -1.000000 -1.000000 -1.000000 -1.000000 
18 5 Car -1 0 -1.000000 483.067404 183.403961 534.454666 217.705947 -1.000000 -1.000000 -1.000000 -1.000000 -1.000000 -1.000000 -1.000000 -1.000000 
18 6 Car -1 0 -1.000000 205.000231 196.845962 403.875185 309.612605 -1.000000 -1.000000 -1.000000 -1.000000 -1.000000 -1.000000 -1.000000 -1.000000 
18 7 Car -1 1 -1.000000 339.799979 189.540297 463.025375 263.089811 -1.000000 -1.000000 -1.000000 -1.000000 -1.000000 -1.000000 -1.000000 -1.000000 
19 4 Car -1 0 -1.000000 767.304906 191.869184 1121.019415 408.476651 -1.000000 -1.000000 -1.000000 -1.000000 -1.000000 -1.000000 -1.000000 -1.000000 
19 5 Car -1 0 -1.000000 481.014693 183.727607 533.980861 219.021650 -1.000000 -1.000000 -1.000000 -1.000000 -1.000000 -1.000000 -1.000000 -1.000000 
19 6 Car -1 0 -1.000000 171.855215 198.060193 392.560318 320.875362 -1.000000 -1.000000 -1.000000 -1.000000 -1.000000 -1.000000 -1.000000 -1.000000 
19 7 Car -1 1 -1.000000 326.790956 189.837957 457.734764 267.664973 -1.000000 -1.000000 -1.000000 -1.000000 -1.000000 -1.000000 -1.000000 -1.000000 
20 4 Car -1 0 -1.000000 785.380524 193.944888 1224.298530 455.242225 -1.000000 -1.000000 -1.000000 -1.000000 -1.000000 -1.000000 -1.000000 -1.000000 
20 5 Car -1 0 -1.000000 477.298356 184.140468 532.119675 220.494647 -1.000000 -1.000000 -1.000000 -1.000000 -1.000000 -1.000000 -1.000000 -1.000000 
20 6 Car -1 0 -1.000000 132.593996 199.429103 379.802182 334.220219 -1.000000 -1.000000 -1.000000 -1.000000 -1.000000 -1.000000 -1.000000 -1.000000 
20 7 Car -1 1 -1.000000 309.451903 191.229715 450.746808 274.037416 -1.000000 -1.000000 -1.000000 -1.000000 -1.000000 -1.000000 -1.000000 -1.000000 
21 5 Car -1 0 -1.000000 473.364752 184.574566 530.162684 222.053815 -1.000000 -1.000000 -1.000000 -1.000000 -1.000000 -1.000000 -1.000000 -1.000000 
21 6 Car -1 0 -1.000000 85.351524 200.984259 365.305841 350.283343 -1.000000 -1.000000 -1.000000 -1.000000 -1.000000 -1.000000 -1.000000 -1.000000 
21 7 Car -1 1 -1.000000 291.685957 192.683505 443.832084 280.670877 -1.000000 -1.000000 -1.000000 -1.000000 -1.000000 -1.000000 -1.000000 -1.000000 
