[ 791.80163574  120.92089081  315.67132568  252.39628601]
[ -12.95478249  113.36206055   78.19731903  326.37515259]
[ -20.792593    175.4019165   271.06054688  334.35748291]
[ 589.65203857  133.79399109  410.22979736  259.26409912]
[ 103.62604523   97.27204132  414.55651855  113.57679749]
[ 549.50714111  173.78373718  549.41827393  200.73554993]
[ -34.27385712  207.04696655  406.67007446  325.05838013]
[ 414.86972046  109.75444794  345.00875854  339.77392578]
[ 270.54165649  132.69288635  557.60522461  286.7689209 ]
[ 285.94299316  232.15916443  626.27600098  186.49281311]
[ 673.65795898  146.52864075  804.56451416  154.70199585]
[ 201.03552246  125.41104889  446.62518311  403.07443237]
[ 481.61593628  201.38792419  636.56097412  319.02926636]
[ 303.75143433  199.12908936  491.38760376  220.99794006]
[ 783.12640381  187.37136841  627.27130127  181.6053772 ]
[ 309.92251587  141.28935242  550.53790283  299.50686646]
[  99.32985687  188.38659668  347.35037231  300.32522583]
[ 349.41726685  130.76847839  504.82989502  253.73242188]
[ 338.82598877  227.47525024  284.94717407  169.36402893]
[ 446.88253784  139.24397278  496.62060547  254.28723145]
[ 234.87077332  124.54724884  348.86972046  313.87542725]
[ 156.28923035  154.42088318  -28.5495739   318.99829102]
[ 349.36679077  140.02072144  435.13803101  243.32415771]
[ 305.75280762  201.46867371  641.82348633  202.86976624]
[ 403.39193726  205.82290649  874.7947998   180.55238342]
