[ 421.43429565  190.58357239  348.33450317  156.16261292]
[  39.79457092  155.06640625  105.62713623  219.63465881]
[  491.71768188   254.48339844  1181.39550781   229.88470459]
[ 786.65039062   64.76265717  665.80499268  156.17877197]
[ 343.38818359   -5.25491047  481.53738403  139.33732605]
[ 745.76800537  277.30834961  295.23291016  208.10083008]
[-162.46537781  239.87733459  274.43731689  238.30644226]
[  685.96478271   222.27915955  1076.25756836   284.31317139]
[ 714.86236572  112.44352722  802.23266602  109.94084167]
[ 245.06495667  116.1267395   324.23178101   52.99053955]
[ 532.74401855  276.50820923  692.30151367  115.35187531]
[ 276.12057495  133.84738159  142.80189514  259.72833252]
[  933.46612549   195.12608337  1098.91149902   356.92333984]
[ 1057.62414551   232.57269287  1341.36437988   198.00448608]
[ 165.57044983   77.49582672   98.09000397   42.18143463]
[  61.80426788  118.34347534  332.78845215  253.4717865 ]
[ 342.84744263  202.44735718  140.05262756  351.44320679]
[ 708.53417969  -16.95624161  683.67767334  172.58883667]
[ 1000.76550293   230.23597717  1120.28515625   254.45928955]
[ 38.46312714  23.86662292 -68.44826508  -5.44272327]
[ 467.10546875   84.29382324  422.009552    152.25279236]
[ 454.84362793  238.91651917  387.13079834  344.36428833]
[ 673.89941406  252.39886475  910.34741211  251.80418396]
[ 1215.66491699   305.45101929  1188.18103027   279.75531006]
[-29.98526192  58.99335861  78.75723267  77.34480286]
