[ 283.445343  158.068578  427.781532  271.249591]
[ 760.775609  156.367066  967.964682  374.      ]
[ 412.706242  170.065852  498.842999  213.497464]
[ 0.  0.  0.  0.]
[ 0.  0.  0.  0.]
[ 282.442928  158.381115  425.708612  270.29996 ]
[ 759.161786  156.64783   963.715337  374.      ]
[ 419.411629  169.346399  506.092277  213.068606]
[ 0.  0.  0.  0.]
[ 0.  0.  0.  0.]
[ 281.457376  158.6868    423.678738  269.371155]
[ 757.577998  156.921635  959.570993  374.      ]
[ 426.204758  168.617373  513.430082  212.633597]
[ 0.  0.  0.  0.]
[ 0.  0.  0.  0.]
[ 280.48828   158.985857  421.690566  268.462499]
[ 756.023423  157.188738  955.52779   374.      ]
[ 433.087113  167.878604  520.858255  212.192324]
[ 0.  0.  0.  0.]
[ 0.  0.  0.  0.]
[ 279.535241  159.278498  419.742805  267.573344]
[ 754.497271  157.449381  951.582054  374.      ]
[ 440.060207  167.129915  528.378686  211.744675]
[ 0.  0.  0.  0.]
[ 0.  0.  0.  0.]
