0 1 Cyclist -1 -1 -1.000000 648.544172 130.727149 723.067733 256.148433 -1.000000 -1.000000 -1.000000 -1.000000 -1.000000 -1.000000 -1.000000 -1.000000 
0 2 Car -1 -1 -1.000000 901.305456 103.488768 942.900818 133.401623 -1.000000 -1.000000 -1.000000 -1.000000 -1.000000 -1.000000 -1.000000 -1.000000 
1 1 Cyclist -1 -1 -1.000000 645.002272 131.930366 720.407719 257.360825 -1.000000 -1.000000 -1.000000 -1.000000 -1.000000 -1.000000 -1.000000 -1.000000 
1 2 Car -1 -1 -1.000000 895.692508 104.563158 937.288943 134.266107 -1.000000 -1.000000 -1.000000 -1.000000 -1.000000 -1.000000 -1.000000 -1.000000 
2 1 Cyclist -1 -1 -1.000000 641.463926 133.133850 717.744970 258.573136 -1.000000 -1.000000 -1.000000 -1.000000 -1.000000 -1.000000 -1.000000 -1.000000 
2 2 Car -1 -1 -1.000000 893.150709 105.224483 934.668567 134.818061 -1.000000 -1.000000 -1.000000 -1.000000 -1.000000 -1.000000 -1.000000 -1.000000 
3 1 Cyclist -1 -1 -1.000000 637.929158 134.337590 715.079463 259.785356 -1.000000 -1.000000 -1.000000 -1.000000 -1.000000 -1.000000 -1.000000 -1.000000 
3 2 Car -1 -1 -1.000000 890.898016 106.133934 932.330261 135.601193 -1.000000 -1.000000 -1.000000 -1.000000 -1.000000 -1.000000 -1.000000 -1.000000 
4 1 Cyclist -1 -1 -1.000000 635.093392 134.854011 712.782243 261.107315 -1.000000 -1.000000 -1.000000 -1.000000 -1.000000 -1.000000 -1.000000 -1.000000 
4 2 Car -1 -1 -1.000000 888.652743 107.040264 929.999847 136.381789 -1.000000 -1.000000 -1.000000 -1.000000 -1.000000 -1.000000 -1.000000 -1.000000 
5 1 Cyclist -1 -1 -1.000000 632.221362 135.377108 710.459694 262.446303 -1.000000 -1.000000 -1.000000 -1.000000 -1.000000 -1.000000 -1.000000 -1.000000 
5 2 Car -1 -1 -1.000000 888.441263 108.126549 929.649064 137.366191 -1.000000 -1.000000 -1.000000 -1.000000 -1.000000 -1.000000 -1.000000 -1.000000 
6 1 Cyclist -1 -1 -1.000000 629.312366 135.907012 708.111396 263.802649 -1.000000 -1.000000 -1.000000 -1.000000 -1.000000 -1.000000 -1.000000 -1.000000 
6 2 Car -1 -1 -1.000000 889.195883 109.387964 930.237679 138.528406 -1.000000 -1.000000 -1.000000 -1.000000 -1.000000 -1.000000 -1.000000 -1.000000 
7 1 Cyclist -1 -1 -1.000000 626.365684 136.443853 705.736920 265.176691 -1.000000 -1.000000 -1.000000 -1.000000 -1.000000 -1.000000 -1.000000 -1.000000 
7 2 Car -1 -1 -1.000000 888.046738 109.520965 928.929338 138.676085 -1.000000 -1.000000 -1.000000 -1.000000 -1.000000 -1.000000 -1.000000 -1.000000 
8 1 Cyclist -1 -1 -1.000000 623.380578 136.987769 703.335827 266.568777 -1.000000 -1.000000 -1.000000 -1.000000 -1.000000 -1.000000 -1.000000 -1.000000 
8 2 Car -1 -1 -1.000000 886.895868 109.654232 927.619293 138.823925 -1.000000 -1.000000 -1.000000 -1.000000 -1.000000 -1.000000 -1.000000 -1.000000 
9 1 Cyclist -1 -1 -1.000000 620.356286 137.538898 700.907669 267.979264 -1.000000 -1.000000 -1.000000 -1.000000 -1.000000 -1.000000 -1.000000 -1.000000 
9 2 Car -1 -1 -1.000000 885.743269 109.787763 926.307541 138.971925 -1.000000 -1.000000 -1.000000 -1.000000 -1.000000 -1.000000 -1.000000 -1.000000 
10 1 Cyclist -1 -1 -1.000000 613.727296 138.833569 694.989235 270.737491 -1.000000 -1.000000 -1.000000 -1.000000 -1.000000 -1.000000 -1.000000 -1.000000 
10 2 Car -1 -1 -1.000000 881.274640 110.836120 921.778266 139.886603 -1.000000 -1.000000 -1.000000 -1.000000 -1.000000 -1.000000 -1.000000 -1.000000 
11 1 Cyclist -1 -1 -1.000000 606.947357 140.157849 688.958065 273.557451 -1.000000 -1.000000 -1.000000 -1.000000 -1.000000 -1.000000 -1.000000 -1.000000 
11 2 Car -1 -1 -1.000000 876.819409 111.881144 917.263938 140.798437 -1.000000 -1.000000 -1.000000 -1.000000 -1.000000 -1.000000 -1.000000 -1.000000 
12 1 Cyclist -1 -1 -1.000000 600.011197 141.512722 682.810940 276.441193 -1.000000 -1.000000 -1.000000 -1.000000 -1.000000 -1.000000 -1.000000 -1.000000 
12 2 Car -1 -1 -1.000000 868.361680 113.967094 908.286420 142.713761 -1.000000 -1.000000 -1.000000 -1.000000 -1.000000 -1.000000 -1.000000 -1.000000 
13 1 Cyclist -1 -1 -1.000000 592.913298 142.899213 676.544515 279.390861 -1.000000 -1.000000 -1.000000 -1.000000 -1.000000 -1.000000 -1.000000 -1.000000 
13 2 Car -1 -1 -1.000000 859.900879 116.053857 899.317450 144.627653 -1.000000 -1.000000 -1.000000 -1.000000 -1.000000 -1.000000 -1.000000 -1.000000 
14 1 Cyclist -1 -1 -1.000000 576.562731 144.496743 662.376256 282.926919 -1.000000 -1.000000 -1.000000 -1.000000 -1.000000 -1.000000 -1.000000 -1.000000 
14 2 Car -1 -1 -1.000000 846.360098 117.555062 885.460005 145.917688 -1.000000 -1.000000 -1.000000 -1.000000 -1.000000 -1.000000 -1.000000 -1.000000 
15 1 Cyclist -1 -1 -1.000000 559.734964 146.140436 647.870206 286.563790 -1.000000 -1.000000 -1.000000 -1.000000 -1.000000 -1.000000 -1.000000 -1.000000 
15 2 Car -1 -1 -1.000000 832.904661 119.046468 871.707202 147.198535 -1.000000 -1.000000 -1.000000 -1.000000 -1.000000 -1.000000 -1.000000 -1.000000 
16 1 Cyclist -1 -1 -1.000000 542.408895 147.832264 633.014053 290.305791 -1.000000 -1.000000 -1.000000 -1.000000 -1.000000 -1.000000 -1.000000 -1.000000 
16 2 Car -1 -1 -1.000000 819.534011 120.528126 858.057623 148.470329 -1.000000 -1.000000 -1.000000 -1.000000 -1.000000 -1.000000 -1.000000 -1.000000 
17 1 Cyclist -1 -1 -1.000000 521.032616 148.252173 614.527832 296.010806 -1.000000 -1.000000 -1.000000 -1.000000 -1.000000 -1.000000 -1.000000 -1.000000 
17 2 Car -1 -1 -1.000000 802.088412 122.536645 840.160970 150.315427 -1.000000 -1.000000 -1.000000 -1.000000 -1.000000 -1.000000 -1.000000 -1.000000 
18 1 Cyclist -1 -1 -1.000000 497.989477 148.707581 594.860893 302.143502 -1.000000 -1.000000 -1.000000 -1.000000 -1.000000 -1.000000 -1.000000 -1.000000 
18 2 Car -1 -1 -1.000000 784.631644 124.546465 822.292674 152.158439 -1.000000 -1.000000 -1.000000 -1.000000 -1.000000 -1.000000 -1.000000 -1.000000 
19 1 Cyclist -1 -1 -1.000000 473.074387 149.202596 573.897523 308.753352 -1.000000 -1.000000 -1.000000 -1.000000 -1.000000 -1.000000 -1.000000 -1.000000 
19 2 Car -1 -1 -1.000000 765.641603 126.293405 803.000538 153.737607 -1.000000 -1.000000 -1.000000 -1.000000 -1.000000 -1.000000 -1.000000 -1.000000 
20 1 Cyclist -1 -1 -1.000000 446.047586 149.741986 551.506068 315.897777 -1.000000 -1.000000 -1.000000 -1.000000 -1.000000 -1.000000 -1.000000 -1.000000 
20 2 Car -1 -1 -1.000000 746.673381 128.038251 783.770137 155.312570 -1.000000 -1.000000 -1.000000 -1.000000 -1.000000 -1.000000 -1.000000 -1.000000 
21 1 Cyclist -1 -1 -1.000000 418.254049 149.562984 530.380663 324.440505 -1.000000 -1.000000 -1.000000 -1.000000 -1.000000 -1.000000 -1.000000 -1.000000 
21 2 Car -1 -1 -1.000000 727.727779 129.780846 764.600372 156.883473 -1.000000 -1.000000 -1.000000 -1.000000 -1.000000 -1.000000 -1.000000 -1.000000 
22 1 Cyclist -1 -1 -1.000000 387.331267 149.366572 507.366644 333.918969 -1.000000 -1.000000 -1.000000 -1.000000 -1.000000 -1.000000 -1.000000 -1.000000 
22 2 Car -1 -1 -1.000000 713.004097 131.231140 747.602837 158.355489 -1.000000 -1.000000 -1.000000 -1.000000 -1.000000 -1.000000 -1.000000 -1.000000 
23 1 Cyclist -1 -1 -1.000000 352.717217 149.149740 482.199856 344.495515 -1.000000 -1.000000 -1.000000 -1.000000 -1.000000 -1.000000 -1.000000 -1.000000 
23 2 Car -1 -1 -1.000000 698.142902 132.704134 730.452466 159.837912 -1.000000 -1.000000 -1.000000 -1.000000 -1.000000 -1.000000 -1.000000 -1.000000 
24 1 Cyclist -1 -1 -1.000000 318.118187 149.690242 459.406467 358.683415 -1.000000 -1.000000 -1.000000 -1.000000 -1.000000 -1.000000 -1.000000 -1.000000 
24 2 Car -1 -1 -1.000000 683.141141 134.199399 713.147415 161.331555 -1.000000 -1.000000 -1.000000 -1.000000 -1.000000 -1.000000 -1.000000 -1.000000 
25 1 Cyclist -1 -1 -1.000000 278.240997 150.313529 433.956401 374.991414 -1.000000 -1.000000 -1.000000 -1.000000 -1.000000 -1.000000 -1.000000 -1.000000 
25 2 Car -1 -1 -1.000000 667.995952 135.716459 695.685503 162.837259 -1.000000 -1.000000 -1.000000 -1.000000 -1.000000 -1.000000 -1.000000 -1.000000 
26 1 Cyclist -1 -1 -1.000000 239.486560 152.139159 412.080402 395.918024 -1.000000 -1.000000 -1.000000 -1.000000 -1.000000 -1.000000 -1.000000 -1.000000 
26 2 Car -1 -1 -1.000000 652.704660 137.254785 680.240731 164.355897 -1.000000 -1.000000 -1.000000 -1.000000 -1.000000 -1.000000 -1.000000 -1.000000 
27 1 Cyclist -1 -1 -1.000000 193.421273 154.304065 387.174307 421.096949 -1.000000 -1.000000 -1.000000 -1.000000 -1.000000 -1.000000 -1.000000 -1.000000 
27 2 Car -1 -1 -1.000000 643.041271 142.733548 670.843572 169.597153 -1.000000 -1.000000 -1.000000 -1.000000 -1.000000 -1.000000 -1.000000 -1.000000 
28 1 Cyclist -1 -1 -1.000000 137.756575 156.911587 358.563774 451.665639 -1.000000 -1.000000 -1.000000 -1.000000 -1.000000 -1.000000 -1.000000 -1.000000 
28 2 Car -1 -1 -1.000000 633.167296 148.329101 661.245214 174.942348 -1.000000 -1.000000 -1.000000 -1.000000 -1.000000 -1.000000 -1.000000 -1.000000 
29 1 Cyclist -1 -1 -1.000000 62.621967 162.794307 330.223664 496.321286 -1.000000 -1.000000 -1.000000 -1.000000 -1.000000 -1.000000 -1.000000 -1.000000 
29 2 Car -1 -1 -1.000000 626.481737 155.790168 654.858567 182.173799 -1.000000 -1.000000 -1.000000 -1.000000 -1.000000 -1.000000 -1.000000 -1.000000 
30 2 Car -1 -1 -1.000000 619.644242 163.417333 648.328708 190.088700 -1.000000 -1.000000 -1.000000 -1.000000 -1.000000 -1.000000 -1.000000 -1.000000 
31 2 Car -1 -1 -1.000000 612.649589 171.216117 641.650854 198.186765 -1.000000 -1.000000 -1.000000 -1.000000 -1.000000 -1.000000 -1.000000 -1.000000 
32 2 Car -1 -1 -1.000000 605.458474 181.139864 634.786661 208.510391 -1.000000 -1.000000 -1.000000 -1.000000 -1.000000 -1.000000 -1.000000 -1.000000 
33 2 Car -1 -1 -1.000000 598.097949 190.411142 627.763225 219.078761 -1.000000 -1.000000 -1.000000 -1.000000 -1.000000 -1.000000 -1.000000 -1.000000 
34 2 Car -1 -1 -1.000000 593.408427 197.605848 623.421763 227.384874 -1.000000 -1.000000 -1.000000 -1.000000 -1.000000 -1.000000 -1.000000 -1.000000 
35 2 Car -1 -1 -1.000000 588.606359 204.953444 618.977004 235.892191 -1.000000 -1.000000 -1.000000 -1.000000 -1.000000 -1.000000 -1.000000 -1.000000 
36 2 Car -1 -1 -1.000000 583.687635 212.458932 614.425287 244.608017 -1.000000 -1.000000 -1.000000 -1.000000 -1.000000 -1.000000 -1.000000 -1.000000 
37 2 Car -1 -1 -1.000000 579.746614 211.853109 610.966462 244.437130 -1.000000 -1.000000 -1.000000 -1.000000 -1.000000 -1.000000 -1.000000 -1.000000 
38 2 Car -1 -1 -1.000000 575.680380 211.230002 607.397794 244.260810 -1.000000 -1.000000 -1.000000 -1.000000 -1.000000 -1.000000 -1.000000 -1.000000 
39 2 Car -1 -1 -1.000000 571.482869 210.588859 603.713966 244.078796 -1.000000 -1.000000 -1.000000 -1.000000 -1.000000 -1.000000 -1.000000 -1.000000 
40 2 Car -1 -1 -1.000000 567.147618 209.928885 599.909311 243.890806 -1.000000 -1.000000 -1.000000 -1.000000 -1.000000 -1.000000 -1.000000 -1.000000 
41 2 Car -1 -1 -1.000000 562.667738 209.249240 595.977788 243.696542 -1.000000 -1.000000 -1.000000 -1.000000 -1.000000 -1.000000 -1.000000 -1.000000 
42 2 Car -1 -1 -1.000000 558.035865 208.549030 592.260400 243.495684 -1.000000 -1.000000 -1.000000 -1.000000 -1.000000 -1.000000 -1.000000 -1.000000 
43 2 Car -1 -1 -1.000000 554.831077 206.622633 589.930347 241.931727 -1.000000 -1.000000 -1.000000 -1.000000 -1.000000 -1.000000 -1.000000 -1.000000 
44 2 Car -1 -1 -1.000000 551.514170 204.636357 587.527838 240.313029 -1.000000 -1.000000 -1.000000 -1.000000 -1.000000 -1.000000 -1.000000 -1.000000 
45 2 Car -1 -1 -1.000000 548.079155 202.587366 585.049440 238.636665 -1.000000 -1.000000 -1.000000 -1.000000 -1.000000 -1.000000 -1.000000 -1.000000 
46 2 Car -1 -1 -1.000000 544.519611 200.472642 582.491499 236.899499 -1.000000 -1.000000 -1.000000 -1.000000 -1.000000 -1.000000 -1.000000 -1.000000 
47 2 Car -1 -1 -1.000000 540.828641 198.288971 579.850125 235.098161 -1.000000 -1.000000 -1.000000 -1.000000 -1.000000 -1.000000 -1.000000 -1.000000 
48 2 Car -1 -1 -1.000000 536.706560 199.101844 576.865642 236.716108 -1.000000 -1.000000 -1.000000 -1.000000 -1.000000 -1.000000 -1.000000 -1.000000 
49 2 Car -1 -1 -1.000000 532.425929 199.942202 573.780201 238.396319 -1.000000 -1.000000 -1.000000 -1.000000 -1.000000 -1.000000 -1.000000 -1.000000 
50 2 Car -1 -1 -1.000000 527.977421 200.811463 570.588591 240.142458 -1.000000 -1.000000 -1.000000 -1.000000 -1.000000 -1.000000 -1.000000 -1.000000 
50 3 Misc -1 0 -1.000000 664.634646 202.937665 687.557591 228.073468 -1.000000 -1.000000 -1.000000 -1.000000 -1.000000 -1.000000 -1.000000 -1.000000 
51 2 Car -1 -1 -1.000000 523.350962 201.711144 567.285237 241.958485 -1.000000 -1.000000 -1.000000 -1.000000 -1.000000 -1.000000 -1.000000 -1.000000 
51 3 Misc -1 0 -1.000000 662.620159 204.041268 685.758720 229.543982 -1.000000 -1.000000 -1.000000 -1.000000 -1.000000 -1.000000 -1.000000 -1.000000 
52 2 Car -1 -1 -1.000000 518.792094 200.287212 564.243996 241.308977 -1.000000 -1.000000 -1.000000 -1.000000 -1.000000 -1.000000 -1.000000 -1.000000 
52 3 Misc -1 0 -1.000000 660.554736 205.171361 683.916466 231.051833 -1.000000 -1.000000 -1.000000 -1.000000 -1.000000 -1.000000 -1.000000 -1.000000 
53 2 Car -1 -1 -1.000000 514.004848 198.801264 561.070238 240.626914 -1.000000 -1.000000 -1.000000 -1.000000 -1.000000 -1.000000 -1.000000 -1.000000 
53 3 Misc -1 0 -1.000000 659.102371 204.183571 682.644083 230.392381 -1.000000 -1.000000 -1.000000 -1.000000 -1.000000 -1.000000 -1.000000 -1.000000 
54 2 Car -1 -1 -1.000000 508.971623 197.249158 557.755107 239.909784 -1.000000 -1.000000 -1.000000 -1.000000 -1.000000 -1.000000 -1.000000 -1.000000 
54 3 Misc -1 0 -1.000000 657.608225 203.168801 681.336507 229.713708 -1.000000 -1.000000 -1.000000 -1.000000 -1.000000 -1.000000 -1.000000 -1.000000 
55 2 Car -1 -1 -1.000000 503.672957 195.626376 554.288942 239.154813 -1.000000 -1.000000 -1.000000 -1.000000 -1.000000 -1.000000 -1.000000 -1.000000 
55 3 Misc -1 0 -1.000000 655.271108 198.492775 679.240099 225.190061 -1.000000 -1.000000 -1.000000 -1.000000 -1.000000 -1.000000 -1.000000 -1.000000 
56 2 Car -1 -1 -1.000000 498.087287 193.927978 550.661183 238.358924 -1.000000 -1.000000 -1.000000 -1.000000 -1.000000 -1.000000 -1.000000 -1.000000 
56 3 Misc -1 0 -1.000000 652.867326 193.690693 677.086835 220.536630 -1.000000 -1.000000 -1.000000 -1.000000 -1.000000 -1.000000 -1.000000 -1.000000 
57 2 Car -1 -1 -1.000000 492.190644 192.148553 546.860257 237.518697 -1.000000 -1.000000 -1.000000 -1.000000 -1.000000 -1.000000 -1.000000 -1.000000 
57 3 Misc -1 0 -1.000000 652.267884 190.457269 677.024230 217.550711 -1.000000 -1.000000 -1.000000 -1.000000 -1.000000 -1.000000 -1.000000 -1.000000 
58 2 Car -1 -1 -1.000000 485.956315 190.282160 542.873464 236.630322 -1.000000 -1.000000 -1.000000 -1.000000 -1.000000 -1.000000 -1.000000 -1.000000 
58 3 Misc -1 0 -1.000000 651.106659 192.166057 676.302477 219.757490 -1.000000 -1.000000 -1.000000 -1.000000 -1.000000 -1.000000 -1.000000 -1.000000 
59 2 Car -1 -1 -1.000000 479.981557 192.493919 539.222798 240.604627 -1.000000 -1.000000 -1.000000 -1.000000 -1.000000 -1.000000 -1.000000 -1.000000 
59 3 Misc -1 0 -1.000000 649.909607 193.925119 675.559475 222.032393 -1.000000 -1.000000 -1.000000 -1.000000 -1.000000 -1.000000 -1.000000 -1.000000 
60 2 Car -1 -1 -1.000000 473.643137 194.819553 535.384065 244.820998 -1.000000 -1.000000 -1.000000 -1.000000 -1.000000 -1.000000 -1.000000 -1.000000 
60 3 Misc -1 0 -1.000000 648.675044 195.736708 674.794272 224.378622 -1.000000 -1.000000 -1.000000 -1.000000 -1.000000 -1.000000 -1.000000 -1.000000 
61 2 Car -1 -1 -1.000000 468.380137 193.347293 532.577445 244.635827 -1.000000 -1.000000 -1.000000 -1.000000 -1.000000 -1.000000 -1.000000 -1.000000 
61 3 Misc -1 0 -1.000000 647.828048 194.277043 674.586937 223.348759 -1.000000 -1.000000 -1.000000 -1.000000 -1.000000 -1.000000 -1.000000 -1.000000 
62 2 Car -1 -1 -1.000000 462.777298 191.795409 529.618946 244.438691 -1.000000 -1.000000 -1.000000 -1.000000 -1.000000 -1.000000 -1.000000 -1.000000 
62 3 Misc -1 0 -1.000000 645.364383 190.227382 673.146623 219.560694 -1.000000 -1.000000 -1.000000 -1.000000 -1.000000 -1.000000 -1.000000 -1.000000 
63 2 Car -1 -1 -1.000000 456.800605 190.157265 526.495897 244.228390 -1.000000 -1.000000 -1.000000 -1.000000 -1.000000 -1.000000 -1.000000 -1.000000 
63 3 Misc -1 0 -1.000000 645.096776 188.883889 672.996046 218.652183 -1.000000 -1.000000 -1.000000 -1.000000 -1.000000 -1.000000 -1.000000 -1.000000 
64 2 Car -1 -1 -1.000000 450.411349 188.425461 523.194176 244.003561 -1.000000 -1.000000 -1.000000 -1.000000 -1.000000 -1.000000 -1.000000 -1.000000 
64 3 Misc -1 0 -1.000000 644.820931 187.496583 672.839484 217.711563 -1.000000 -1.000000 -1.000000 -1.000000 -1.000000 -1.000000 -1.000000 -1.000000 
65 2 Car -1 -1 -1.000000 443.565286 186.591730 519.698001 243.762646 -1.000000 -1.000000 -1.000000 -1.000000 -1.000000 -1.000000 -1.000000 -1.000000 
65 3 Misc -1 0 -1.000000 644.692870 186.512751 672.834620 217.237470 -1.000000 -1.000000 -1.000000 -1.000000 -1.000000 -1.000000 -1.000000 -1.000000 
66 2 Car -1 -1 -1.000000 436.211606 184.646799 515.989668 243.503852 -1.000000 -1.000000 -1.000000 -1.000000 -1.000000 -1.000000 -1.000000 -1.000000 
66 3 Misc -1 0 -1.000000 644.561194 185.494162 672.882529 216.745138 -1.000000 -1.000000 -1.000000 -1.000000 -1.000000 -1.000000 -1.000000 -1.000000 
67 2 Car -1 -1 -1.000000 426.641974 179.956973 510.794551 240.203960 -1.000000 -1.000000 -1.000000 -1.000000 -1.000000 -1.000000 -1.000000 -1.000000 
67 3 Misc -1 0 -1.000000 643.642018 180.625114 672.846613 212.170361 -1.000000 -1.000000 -1.000000 -1.000000 -1.000000 -1.000000 -1.000000 -1.000000 
68 2 Car -1 -1 -1.000000 416.278841 173.899863 505.252117 236.630200 -1.000000 -1.000000 -1.000000 -1.000000 -1.000000 -1.000000 -1.000000 -1.000000 
68 3 Misc -1 0 -1.000000 642.689313 175.321054 672.864305 207.422138 -1.000000 -1.000000 -1.000000 -1.000000 -1.000000 -1.000000 -1.000000 -1.000000 
69 2 Car -1 -1 -1.000000 408.880763 174.703569 502.414048 240.152172 -1.000000 -1.000000 -1.000000 -1.000000 -1.000000 -1.000000 -1.000000 -1.000000 
69 3 Misc -1 0 -1.000000 641.869791 175.222898 672.929440 207.939522 -1.000000 -1.000000 -1.000000 -1.000000 -1.000000 -1.000000 -1.000000 -1.000000 
70 2 Car -1 -1 -1.000000 400.813740 175.579800 499.372635 243.992918 -1.000000 -1.000000 -1.000000 -1.000000 -1.000000 -1.000000 -1.000000 -1.000000 
70 3 Misc -1 0 -1.000000 641.019064 175.120857 672.996352 208.477036 -1.000000 -1.000000 -1.000000 -1.000000 -1.000000 -1.000000 -1.000000 -1.000000 
71 2 Car -1 -1 -1.000000 391.982745 176.538837 496.105213 248.197768 -1.000000 -1.000000 -1.000000 -1.000000 -1.000000 -1.000000 -1.000000 -1.000000 
71 3 Misc -1 0 -1.000000 642.818633 179.078764 674.829251 213.142496 -1.000000 -1.000000 -1.000000 -1.000000 -1.000000 -1.000000 -1.000000 -1.000000 
72 2 Car -1 -1 -1.000000 382.273858 177.593001 492.585617 252.821074 -1.000000 -1.000000 -1.000000 -1.000000 -1.000000 -1.000000 -1.000000 -1.000000 
72 3 Misc -1 0 -1.000000 644.902172 180.997926 676.940403 215.876341 -1.000000 -1.000000 -1.000000 -1.000000 -1.000000 -1.000000 -1.000000 -1.000000 
73 2 Car -1 -1 -1.000000 371.864273 177.294241 488.625901 256.350850 -1.000000 -1.000000 -1.000000 -1.000000 -1.000000 -1.000000 -1.000000 -1.000000 
73 3 Misc -1 0 -1.000000 647.078726 182.960659 679.676667 218.729683 -1.000000 -1.000000 -1.000000 -1.000000 -1.000000 -1.000000 -1.000000 -1.000000 
74 2 Car -1 -1 -1.000000 360.339394 176.963687 484.345623 260.259306 -1.000000 -1.000000 -1.000000 -1.000000 -1.000000 -1.000000 -1.000000 -1.000000 
74 3 Misc -1 0 -1.000000 649.199997 184.980821 682.517933 221.664903 -1.000000 -1.000000 -1.000000 -1.000000 -1.000000 -1.000000 -1.000000 -1.000000 
75 2 Car -1 -1 -1.000000 347.509809 176.595978 479.704229 264.610834 -1.000000 -1.000000 -1.000000 -1.000000 -1.000000 -1.000000 -1.000000 -1.000000 
75 3 Misc -1 0 -1.000000 652.061690 186.410157 686.164177 224.038468 -1.000000 -1.000000 -1.000000 -1.000000 -1.000000 -1.000000 -1.000000 -1.000000 
76 2 Car -1 -1 -1.000000 333.140640 176.184478 474.654020 269.485303 -1.000000 -1.000000 -1.000000 -1.000000 -1.000000 -1.000000 -1.000000 -1.000000 
76 3 Misc -1 0 -1.000000 655.059171 187.903528 690.010442 226.523457 -1.000000 -1.000000 -1.000000 -1.000000 -1.000000 -1.000000 -1.000000 -1.000000 
77 2 Car -1 -1 -1.000000 316.937040 175.720869 469.138513 274.983005 -1.000000 -1.000000 -1.000000 -1.000000 -1.000000 -1.000000 -1.000000 -1.000000 
77 3 Misc -1 0 -1.000000 656.218848 184.748395 691.977841 224.048940 -1.000000 -1.000000 -1.000000 -1.000000 -1.000000 -1.000000 -1.000000 -1.000000 
78 2 Car -1 -1 -1.000000 298.523729 175.194583 463.090315 281.231631 -1.000000 -1.000000 -1.000000 -1.000000 -1.000000 -1.000000 -1.000000 -1.000000 
78 3 Misc -1 0 -1.000000 659.768994 183.244557 696.458193 223.446868 -1.000000 -1.000000 -1.000000 -1.000000 -1.000000 -1.000000 -1.000000 -1.000000 
79 2 Car -1 -1 -1.000000 277.415569 174.591988 456.428356 288.396315 -1.000000 -1.000000 -1.000000 -1.000000 -1.000000 -1.000000 -1.000000 -1.000000 
79 3 Misc -1 0 -1.000000 661.920369 181.504584 699.523365 222.552946 -1.000000 -1.000000 -1.000000 -1.000000 -1.000000 -1.000000 -1.000000 -1.000000 
80 2 Car -1 -1 -1.000000 252.974222 173.895191 449.054243 296.694426 -1.000000 -1.000000 -1.000000 -1.000000 -1.000000 -1.000000 -1.000000 -1.000000 
80 3 Misc -1 0 -1.000000 664.179443 179.677918 702.743294 221.614325 -1.000000 -1.000000 -1.000000 -1.000000 -1.000000 -1.000000 -1.000000 -1.000000 
81 2 Car -1 -1 -1.000000 224.342426 173.080228 440.847359 306.418028 -1.000000 -1.000000 -1.000000 -1.000000 -1.000000 -1.000000 -1.000000 -1.000000 
81 3 Misc -1 0 -1.000000 666.361909 180.617550 706.007837 223.778945 -1.000000 -1.000000 -1.000000 -1.000000 -1.000000 -1.000000 -1.000000 -1.000000 
82 2 Car -1 -1 -1.000000 190.341397 172.114258 431.658217 317.968954 -1.000000 -1.000000 -1.000000 -1.000000 -1.000000 -1.000000 -1.000000 -1.000000 
82 3 Misc -1 0 -1.000000 668.667849 181.600800 709.458759 226.065820 -1.000000 -1.000000 -1.000000 -1.000000 -1.000000 -1.000000 -1.000000 -1.000000 
83 2 Car -1 -1 -1.000000 149.304474 170.951023 421.299277 331.915730 -1.000000 -1.000000 -1.000000 -1.000000 -1.000000 -1.000000 -1.000000 -1.000000 
83 3 Misc -1 0 -1.000000 671.108020 182.637114 713.112509 228.485607 -1.000000 -1.000000 -1.000000 -1.000000 -1.000000 -1.000000 -1.000000 -1.000000 
84 2 Car -1 -1 -1.000000 98.795595 169.523224 409.532012 349.090014 -1.000000 -1.000000 -1.000000 -1.000000 -1.000000 -1.000000 -1.000000 -1.000000 
84 3 Misc -1 0 -1.000000 673.694467 183.730907 716.987533 231.050238 -1.000000 -1.000000 -1.000000 -1.000000 -1.000000 -1.000000 -1.000000 -1.000000 
85 2 Car -1 -1 -1.000000 35.107374 167.729024 396.048317 370.758750 -1.000000 -1.000000 -1.000000 -1.000000 -1.000000 -1.000000 -1.000000 -1.000000 
85 3 Misc -1 0 -1.000000 676.482290 183.232611 721.153906 231.983983 -1.000000 -1.000000 -1.000000 -1.000000 -1.000000 -1.000000 -1.000000 -1.000000 
86 3 Misc -1 0 -1.000000 679.449673 182.704953 725.590500 232.977912 -1.000000 -1.000000 -1.000000 -1.000000 -1.000000 -1.000000 -1.000000 -1.000000 
87 3 Misc -1 0 -1.000000 682.493442 182.145260 730.324482 234.038037 -1.000000 -1.000000 -1.000000 -1.000000 -1.000000 -1.000000 -1.000000 -1.000000 
88 3 Misc -1 0 -1.000000 685.549095 181.550522 735.386793 235.171200 -1.000000 -1.000000 -1.000000 -1.000000 -1.000000 -1.000000 -1.000000 -1.000000 
89 3 Misc -1 0 -1.000000 688.801033 180.917343 740.812815 236.385218 -1.000000 -1.000000 -1.000000 -1.000000 -1.000000 -1.000000 -1.000000 -1.000000 
90 3 Misc -1 0 -1.000000 692.268797 180.241870 746.643207 237.689065 -1.000000 -1.000000 -1.000000 -1.000000 -1.000000 -1.000000 -1.000000 -1.000000 
91 3 Misc -1 0 -1.000000 695.974610 179.505707 752.924922 239.093095 -1.000000 -1.000000 -1.000000 -1.000000 -1.000000 -1.000000 -1.000000 -1.000000 
92 3 Misc -1 0 -1.000000 699.429206 179.219719 759.078214 241.153250 -1.000000 -1.000000 -1.000000 -1.000000 -1.000000 -1.000000 -1.000000 -1.000000 
93 3 Misc -1 0 -1.000000 703.134417 178.910131 765.739748 243.382138 -1.000000 -1.000000 -1.000000 -1.000000 -1.000000 -1.000000 -1.000000 -1.000000 
94 3 Misc -1 0 -1.000000 707.118540 178.573896 772.975206 245.801374 -1.000000 -1.000000 -1.000000 -1.000000 -1.000000 -1.000000 -1.000000 -1.000000 
95 3 Misc -1 0 -1.000000 711.414302 178.207420 780.862099 248.436430 -1.000000 -1.000000 -1.000000 -1.000000 -1.000000 -1.000000 -1.000000 -1.000000 
95 4 Car -1 -1 -1.000000 653.282696 182.811592 685.239464 207.813121 -1.000000 -1.000000 -1.000000 -1.000000 -1.000000 -1.000000 -1.000000 -1.000000 
96 3 Misc -1 0 -1.000000 716.059752 177.806431 789.492544 251.317532 -1.000000 -1.000000 -1.000000 -1.000000 -1.000000 -1.000000 -1.000000 -1.000000 
96 4 Car -1 -1 -1.000000 654.288710 184.753099 686.971760 210.403400 -1.000000 -1.000000 -1.000000 -1.000000 -1.000000 -1.000000 -1.000000 -1.000000 
97 3 Misc -1 0 -1.000000 721.099404 177.365810 798.976902 254.480833 -1.000000 -1.000000 -1.000000 -1.000000 -1.000000 -1.000000 -1.000000 -1.000000 
97 4 Car -1 -1 -1.000000 655.327341 186.757441 688.766228 213.086797 -1.000000 -1.000000 -1.000000 -1.000000 -1.000000 -1.000000 -1.000000 -1.000000 
98 3 Misc -1 0 -1.000000 725.591006 176.870004 808.114298 257.817954 -1.000000 -1.000000 -1.000000 -1.000000 -1.000000 -1.000000 -1.000000 -1.000000 
98 4 Car -1 -1 -1.000000 656.400199 188.827719 690.626277 215.868425 -1.000000 -1.000000 -1.000000 -1.000000 -1.000000 -1.000000 -1.000000 -1.000000 
99 3 Misc -1 0 -1.000000 730.481536 176.322149 818.212111 261.523591 -1.000000 -1.000000 -1.000000 -1.000000 -1.000000 -1.000000 -1.000000 -1.000000 
99 4 Car -1 -1 -1.000000 657.152729 187.627402 692.156855 215.034472 -1.000000 -1.000000 -1.000000 -1.000000 -1.000000 -1.000000 -1.000000 -1.000000 
100 3 Misc -1 0 -1.000000 735.826611 175.713594 829.430166 265.640329 -1.000000 -1.000000 -1.000000 -1.000000 -1.000000 -1.000000 -1.000000 -1.000000 
100 4 Car -1 -1 -1.000000 657.930820 186.386393 693.745295 214.168935 -1.000000 -1.000000 -1.000000 -1.000000 -1.000000 -1.000000 -1.000000 -1.000000 
101 3 Misc -1 0 -1.000000 741.692687 175.033661 841.965824 270.240594 -1.000000 -1.000000 -1.000000 -1.000000 -1.000000 -1.000000 -1.000000 -1.000000 
101 4 Car -1 -1 -1.000000 658.735797 185.102586 695.394942 213.269986 -1.000000 -1.000000 -1.000000 -1.000000 -1.000000 -1.000000 -1.000000 -1.000000 
102 3 Misc -1 0 -1.000000 748.159845 174.269008 856.065708 275.414890 -1.000000 -1.000000 -1.000000 -1.000000 -1.000000 -1.000000 -1.000000 -1.000000 
102 4 Car -1 -1 -1.000000 659.475681 186.185482 697.006292 215.037683 -1.000000 -1.000000 -1.000000 -1.000000 -1.000000 -1.000000 -1.000000 -1.000000 
103 3 Misc -1 0 -1.000000 755.325461 173.402749 872.042086 281.277812 -1.000000 -1.000000 -1.000000 -1.000000 -1.000000 -1.000000 -1.000000 -1.000000 
103 4 Car -1 -1 -1.000000 660.242100 187.307139 698.682354 216.876503 -1.000000 -1.000000 -1.000000 -1.000000 -1.000000 -1.000000 -1.000000 -1.000000 
104 3 Misc -1 0 -1.000000 763.309139 172.413192 890.296248 287.976624 -1.000000 -1.000000 -1.000000 -1.000000 -1.000000 -1.000000 -1.000000 -1.000000 
104 4 Car -1 -1 -1.000000 659.722050 187.832520 698.948590 218.073903 -1.000000 -1.000000 -1.000000 -1.000000 -1.000000 -1.000000 -1.000000 -1.000000 
105 3 Misc -1 0 -1.000000 772.259461 171.271995 911.352733 295.703817 -1.000000 -1.000000 -1.000000 -1.000000 -1.000000 -1.000000 -1.000000 -1.000000 
105 4 Car -1 -1 -1.000000 659.182678 188.377397 699.225951 219.321481 -1.000000 -1.000000 -1.000000 -1.000000 -1.000000 -1.000000 -1.000000 -1.000000 
106 3 Misc -1 0 -1.000000 782.363285 169.941410 935.910467 304.715880 -1.000000 -1.000000 -1.000000 -1.000000 -1.000000 -1.000000 -1.000000 -1.000000 
106 4 Car -1 -1 -1.000000 658.622885 188.942876 699.515152 220.622460 -1.000000 -1.000000 -1.000000 -1.000000 -1.000000 -1.000000 -1.000000 -1.000000 
107 3 Misc -1 0 -1.000000 793.858977 168.370026 964.921953 315.362357 -1.000000 -1.000000 -1.000000 -1.000000 -1.000000 -1.000000 -1.000000 -1.000000 
107 4 Car -1 -1 -1.000000 658.041489 189.530150 699.816966 221.980343 -1.000000 -1.000000 -1.000000 -1.000000 -1.000000 -1.000000 -1.000000 -1.000000 
108 3 Misc -1 0 -1.000000 805.018941 167.372679 995.799622 328.038147 -1.000000 -1.000000 -1.000000 -1.000000 -1.000000 -1.000000 -1.000000 -1.000000 
108 4 Car -1 -1 -1.000000 657.437214 190.140501 700.132240 223.398946 -1.000000 -1.000000 -1.000000 -1.000000 -1.000000 -1.000000 -1.000000 -1.000000 
109 3 Misc -1 0 -1.000000 817.836075 166.171244 1033.012058 343.314465 -1.000000 -1.000000 -1.000000 -1.000000 -1.000000 -1.000000 -1.000000 -1.000000 
109 4 Car -1 -1 -1.000000 656.808683 190.775317 700.461893 224.882436 -1.000000 -1.000000 -1.000000 -1.000000 -1.000000 -1.000000 -1.000000 -1.000000 
110 3 Misc -1 0 -1.000000 832.709095 164.695935 1078.731518 362.083059 -1.000000 -1.000000 -1.000000 -1.000000 -1.000000 -1.000000 -1.000000 -1.000000 
110 4 Car -1 -1 -1.000000 656.154402 191.436101 700.806935 226.435369 -1.000000 -1.000000 -1.000000 -1.000000 -1.000000 -1.000000 -1.000000 -1.000000 
111 3 Misc -1 0 -1.000000 850.175787 162.841060 1136.251640 385.696022 -1.000000 -1.000000 -1.000000 -1.000000 -1.000000 -1.000000 -1.000000 -1.000000 
111 4 Car -1 -1 -1.000000 655.359623 190.798154 701.037951 226.541894 -1.000000 -1.000000 -1.000000 -1.000000 -1.000000 -1.000000 -1.000000 -1.000000 
112 3 Misc -1 0 -1.000000 870.979403 160.438511 1210.818190 416.306828 -1.000000 -1.000000 -1.000000 -1.000000 -1.000000 -1.000000 -1.000000 -1.000000 
112 4 Car -1 -1 -1.000000 654.530921 190.133025 701.280264 226.653644 -1.000000 -1.000000 -1.000000 -1.000000 -1.000000 -1.000000 -1.000000 -1.000000 
113 4 Car -1 -1 -1.000000 653.666077 189.438939 701.534725 226.771013 -1.000000 -1.000000 -1.000000 -1.000000 -1.000000 -1.000000 -1.000000 -1.000000 
114 4 Car -1 -1 -1.000000 652.762673 188.713962 701.802273 226.894436 -1.000000 -1.000000 -1.000000 -1.000000 -1.000000 -1.000000 -1.000000 -1.000000 
115 4 Car -1 -1 -1.000000 651.818071 187.955985 702.083943 227.024394 -1.000000 -1.000000 -1.000000 -1.000000 -1.000000 -1.000000 -1.000000 -1.000000 
116 4 Car -1 -1 -1.000000 650.829385 187.162703 702.380887 227.161420 -1.000000 -1.000000 -1.000000 -1.000000 -1.000000 -1.000000 -1.000000 -1.000000 
117 4 Car -1 -1 -1.000000 649.793455 186.331589 702.694383 227.306107 -1.000000 -1.000000 -1.000000 -1.000000 -1.000000 -1.000000 -1.000000 -1.000000 
118 4 Car -1 -1 -1.000000 649.178978 183.952486 703.917815 225.632877 -1.000000 -1.000000 -1.000000 -1.000000 -1.000000 -1.000000 -1.000000 -1.000000 
119 4 Car -1 -1 -1.000000 648.535395 181.460350 705.209227 223.864828 -1.000000 -1.000000 -1.000000 -1.000000 -1.000000 -1.000000 -1.000000 -1.000000 
120 4 Car -1 -1 -1.000000 647.860560 178.527740 706.574483 221.993679 -1.000000 -1.000000 -1.000000 -1.000000 -1.000000 -1.000000 -1.000000 -1.000000 
121 4 Car -1 -1 -1.000000 647.152109 175.249060 708.020145 220.010159 -1.000000 -1.000000 -1.000000 -1.000000 -1.000000 -1.000000 -1.000000 -1.000000 
122 4 Car -1 -1 -1.000000 646.407434 171.770048 709.553577 217.903848 -1.000000 -1.000000 -1.000000 -1.000000 -1.000000 -1.000000 -1.000000 -1.000000 
123 4 Car -1 -1 -1.000000 646.756146 172.442997 712.541575 220.049168 -1.000000 -1.000000 -1.000000 -1.000000 -1.000000 -1.000000 -1.000000 -1.000000 
124 4 Car -1 -1 -1.000000 647.124368 173.159762 715.723494 222.335900 -1.000000 -1.000000 -1.000000 -1.000000 -1.000000 -1.000000 -1.000000 -1.000000 
125 4 Car -1 -1 -1.000000 647.513749 173.924762 719.118894 224.778496 -1.000000 -1.000000 -1.000000 -1.000000 -1.000000 -1.000000 -1.000000 -1.000000 
126 4 Car -1 -1 -1.000000 649.853696 177.113611 724.072941 229.673464 -1.000000 -1.000000 -1.000000 -1.000000 -1.000000 -1.000000 -1.000000 -1.000000 
127 4 Car -1 -1 -1.000000 652.324461 180.521950 729.368082 234.905262 -1.000000 -1.000000 -1.000000 -1.000000 -1.000000 -1.000000 -1.000000 -1.000000 
128 4 Car -1 -1 -1.000000 654.937323 183.505754 735.040814 240.509893 -1.000000 -1.000000 -1.000000 -1.000000 -1.000000 -1.000000 -1.000000 -1.000000 
129 4 Car -1 -1 -1.000000 657.704895 186.628935 741.133030 246.528678 -1.000000 -1.000000 -1.000000 -1.000000 -1.000000 -1.000000 -1.000000 -1.000000 
130 4 Car -1 -1 -1.000000 660.641327 189.942887 747.693056 253.009276 -1.000000 -1.000000 -1.000000 -1.000000 -1.000000 -1.000000 -1.000000 -1.000000 
131 4 Car -1 -1 -1.000000 663.762555 193.465645 754.776946 260.006958 -1.000000 -1.000000 -1.000000 -1.000000 -1.000000 -1.000000 -1.000000 -1.000000 
132 4 Car -1 -1 -1.000000 668.316578 193.082033 764.608829 262.709934 -1.000000 -1.000000 -1.000000 -1.000000 -1.000000 -1.000000 -1.000000 -1.000000 
133 4 Car -1 -1 -1.000000 673.225134 192.668532 775.432544 265.685429 -1.000000 -1.000000 -1.000000 -1.000000 -1.000000 -1.000000 -1.000000 -1.000000 
134 4 Car -1 -1 -1.000000 678.531291 192.221508 787.406163 268.976847 -1.000000 -1.000000 -1.000000 -1.000000 -1.000000 -1.000000 -1.000000 -1.000000 
135 4 Car -1 -1 -1.000000 684.285385 191.736708 800.723237 272.637327 -1.000000 -1.000000 -1.000000 -1.000000 -1.000000 -1.000000 -1.000000 -1.000000 
136 4 Car -1 -1 -1.000000 688.939998 190.692945 812.927327 275.786685 -1.000000 -1.000000 -1.000000 -1.000000 -1.000000 -1.000000 -1.000000 -1.000000 
137 4 Car -1 -1 -1.000000 694.000865 189.557828 826.591340 279.311705 -1.000000 -1.000000 -1.000000 -1.000000 -1.000000 -1.000000 -1.000000 -1.000000 
138 4 Car -1 -1 -1.000000 699.523566 188.318810 841.993976 283.283875 -1.000000 -1.000000 -1.000000 -1.000000 -1.000000 -1.000000 -1.000000 -1.000000 
139 4 Car -1 -1 -1.000000 705.574307 186.960936 859.489693 287.794050 -1.000000 -1.000000 -1.000000 -1.000000 -1.000000 -1.000000 -1.000000 -1.000000 
140 4 Car -1 -1 -1.000000 712.232578 185.466234 879.536324 292.959487 -1.000000 -1.000000 -1.000000 -1.000000 -1.000000 -1.000000 -1.000000 -1.000000 
141 4 Car -1 -1 -1.000000 719.594673 183.812920 902.735732 298.934188 -1.000000 -1.000000 -1.000000 -1.000000 -1.000000 -1.000000 -1.000000 -1.000000 
142 4 Car -1 -1 -1.000000 727.778369 181.974324 929.895278 305.924513 -1.000000 -1.000000 -1.000000 -1.000000 -1.000000 -1.000000 -1.000000 -1.000000 
143 4 Car -1 -1 -1.000000 736.929274 179.620459 962.123711 314.213505 -1.000000 -1.000000 -1.000000 -1.000000 -1.000000 -1.000000 -1.000000 -1.000000 
144 4 Car -1 -1 -1.000000 744.499671 181.733181 998.744088 331.406051 -1.000000 -1.000000 -1.000000 -1.000000 -1.000000 -1.000000 -1.000000 -1.000000 
145 4 Car -1 -1 -1.000000 753.120493 183.799868 1044.003425 352.673645 -1.000000 -1.000000 -1.000000 -1.000000 -1.000000 -1.000000 -1.000000 -1.000000 
146 4 Car -1 -1 -1.000000 763.026645 186.173391 1101.367547 379.659893 -1.000000 -1.000000 -1.000000 -1.000000 -1.000000 -1.000000 -1.000000 -1.000000 
147 4 Car -1 -1 -1.000000 774.528718 188.927566 1176.442430 415.029609 -1.000000 -1.000000 -1.000000 -1.000000 -1.000000 -1.000000 -1.000000 -1.000000 
464 5 Car -1 2 -1.000000 473.396798 171.591688 504.270793 204.930055 -1.000000 -1.000000 -1.000000 -1.000000 -1.000000 -1.000000 -1.000000 -1.000000 
465 5 Car -1 2 -1.000000 476.262638 172.072852 507.424235 205.746057 -1.000000 -1.000000 -1.000000 -1.000000 -1.000000 -1.000000 -1.000000 -1.000000 
466 5 Car -1 2 -1.000000 479.186196 172.563812 510.641184 206.578266 -1.000000 -1.000000 -1.000000 -1.000000 -1.000000 -1.000000 -1.000000 -1.000000 
467 5 Car -1 2 -1.000000 481.715031 170.101982 513.473196 204.446780 -1.000000 -1.000000 -1.000000 -1.000000 -1.000000 -1.000000 -1.000000 -1.000000 
468 5 Car -1 2 -1.000000 484.296110 167.588962 516.363595 202.271706 -1.000000 -1.000000 -1.000000 -1.000000 -1.000000 -1.000000 -1.000000 -1.000000 
469 5 Car -1 2 -1.000000 486.931039 165.023154 519.314212 200.051712 -1.000000 -1.000000 -1.000000 -1.000000 -1.000000 -1.000000 -1.000000 -1.000000 
470 5 Car -1 2 -1.000000 489.384903 164.950444 522.218353 200.350649 -1.000000 -1.000000 -1.000000 -1.000000 -1.000000 -1.000000 -1.000000 -1.000000 
471 5 Car -1 2 -1.000000 491.891470 164.876204 525.234215 200.655877 -1.000000 -1.000000 -1.000000 -1.000000 -1.000000 -1.000000 -1.000000 -1.000000 
472 5 Car -1 2 -1.000000 493.822729 162.659243 527.755837 198.817091 -1.000000 -1.000000 -1.000000 -1.000000 -1.000000 -1.000000 -1.000000 -1.000000 
473 5 Car -1 2 -1.000000 495.836557 164.836847 530.362861 201.407383 -1.000000 -1.000000 -1.000000 -1.000000 -1.000000 -1.000000 -1.000000 -1.000000 
474 5 Car -1 2 -1.000000 497.895690 167.063712 533.020852 204.055029 -1.000000 -1.000000 -1.000000 -1.000000 -1.000000 -1.000000 -1.000000 -1.000000 
475 5 Car -1 2 -1.000000 499.977639 166.678610 535.709110 204.084942 -1.000000 -1.000000 -1.000000 -1.000000 -1.000000 -1.000000 -1.000000 -1.000000 
476 5 Car -1 1 -1.000000 500.919030 166.094266 537.891966 203.925600 -1.000000 -1.000000 -1.000000 -1.000000 -1.000000 -1.000000 -1.000000 -1.000000 
477 5 Car -1 1 -1.000000 501.884514 165.496236 540.117570 203.762403 -1.000000 -1.000000 -1.000000 -1.000000 -1.000000 -1.000000 -1.000000 -1.000000 
478 5 Car -1 1 -1.000000 502.874967 164.884042 542.387242 203.595223 -1.000000 -1.000000 -1.000000 -1.000000 -1.000000 -1.000000 -1.000000 -1.000000 
479 5 Car -1 1 -1.000000 503.891305 164.257188 544.702362 203.423925 -1.000000 -1.000000 -1.000000 -1.000000 -1.000000 -1.000000 -1.000000 -1.000000 
480 5 Car -1 1 -1.000000 504.934482 163.615151 547.064366 203.248371 -1.000000 -1.000000 -1.000000 -1.000000 -1.000000 -1.000000 -1.000000 -1.000000 
481 5 Car -1 1 -1.000000 506.005500 162.957385 549.474759 203.068413 -1.000000 -1.000000 -1.000000 -1.000000 -1.000000 -1.000000 -1.000000 -1.000000 
482 5 Car -1 1 -1.000000 507.105404 162.283317 551.935112 202.883898 -1.000000 -1.000000 -1.000000 -1.000000 -1.000000 -1.000000 -1.000000 -1.000000 
483 5 Car -1 1 -1.000000 509.242750 163.087617 554.655182 204.207102 -1.000000 -1.000000 -1.000000 -1.000000 -1.000000 -1.000000 -1.000000 -1.000000 
484 5 Car -1 1 -1.000000 511.435339 163.912907 557.436357 205.564234 -1.000000 -1.000000 -1.000000 -1.000000 -1.000000 -1.000000 -1.000000 -1.000000 
485 5 Car -1 1 -1.000000 513.763033 164.109565 560.859981 206.305729 -1.000000 -1.000000 -1.000000 -1.000000 -1.000000 -1.000000 -1.000000 -1.000000 
486 5 Car -1 0 -1.000000 516.153855 164.311689 564.362010 207.066373 -1.000000 -1.000000 -1.000000 -1.000000 -1.000000 -1.000000 -1.000000 -1.000000 
487 5 Car -1 0 -1.000000 519.181225 162.642066 567.408588 205.972977 -1.000000 -1.000000 -1.000000 -1.000000 -1.000000 -1.000000 -1.000000 -1.000000 
488 5 Car -1 0 -1.000000 522.291414 160.926999 570.526452 204.849663 -1.000000 -1.000000 -1.000000 -1.000000 -1.000000 -1.000000 -1.000000 -1.000000 
489 5 Car -1 0 -1.000000 525.487864 159.164605 573.718137 203.695187 -1.000000 -1.000000 -1.000000 -1.000000 -1.000000 -1.000000 -1.000000 -1.000000 
490 5 Car -1 0 -1.000000 525.589229 159.822943 574.799059 204.981350 -1.000000 -1.000000 -1.000000 -1.000000 -1.000000 -1.000000 -1.000000 -1.000000 
491 5 Car -1 0 -1.000000 525.693954 160.500321 575.906332 206.303978 -1.000000 -1.000000 -1.000000 -1.000000 -1.000000 -1.000000 -1.000000 -1.000000 
492 5 Car -1 0 -1.000000 525.802189 161.197571 577.040944 207.664640 -1.000000 -1.000000 -1.000000 -1.000000 -1.000000 -1.000000 -1.000000 -1.000000 
493 5 Car -1 0 -1.000000 525.914090 161.915577 578.203937 209.064997 -1.000000 -1.000000 -1.000000 -1.000000 -1.000000 -1.000000 -1.000000 -1.000000 
494 5 Car -1 0 -1.000000 526.029824 162.655275 579.396403 210.506808 -1.000000 -1.000000 -1.000000 -1.000000 -1.000000 -1.000000 -1.000000 -1.000000 
495 5 Car -1 0 -1.000000 526.149569 163.417659 580.619493 211.991935 -1.000000 -1.000000 -1.000000 -1.000000 -1.000000 -1.000000 -1.000000 -1.000000 
496 5 Car -1 0 -1.000000 526.273510 164.203782 581.874417 213.522357 -1.000000 -1.000000 -1.000000 -1.000000 -1.000000 -1.000000 -1.000000 -1.000000 
497 5 Car -1 0 -1.000000 526.201016 162.213336 582.806901 212.280758 -1.000000 -1.000000 -1.000000 -1.000000 -1.000000 -1.000000 -1.000000 -1.000000 
498 5 Car -1 0 -1.000000 526.126537 160.161285 583.763553 211.001201 -1.000000 -1.000000 -1.000000 -1.000000 -1.000000 -1.000000 -1.000000 -1.000000 
499 5 Car -1 0 -1.000000 526.049984 158.044728 584.745331 209.681921 -1.000000 -1.000000 -1.000000 -1.000000 -1.000000 -1.000000 -1.000000 -1.000000 
500 5 Car -1 0 -1.000000 525.971258 155.860578 585.753245 208.321042 -1.000000 -1.000000 -1.000000 -1.000000 -1.000000 -1.000000 -1.000000 -1.000000 
501 5 Car -1 0 -1.000000 525.798427 155.073997 586.712066 208.381487 -1.000000 -1.000000 -1.000000 -1.000000 -1.000000 -1.000000 -1.000000 -1.000000 
502 5 Car -1 0 -1.000000 525.620222 154.261461 587.697135 208.443879 -1.000000 -1.000000 -1.000000 -1.000000 -1.000000 -1.000000 -1.000000 -1.000000 
503 5 Car -1 0 -1.000000 525.436376 153.421662 588.709552 208.508315 -1.000000 -1.000000 -1.000000 -1.000000 -1.000000 -1.000000 -1.000000 -1.000000 
504 5 Car -1 0 -1.000000 525.246608 152.553208 589.750482 208.574898 -1.000000 -1.000000 -1.000000 -1.000000 -1.000000 -1.000000 -1.000000 -1.000000 
505 5 Car -1 0 -1.000000 525.050614 151.654607 590.821155 208.643739 -1.000000 -1.000000 -1.000000 -1.000000 -1.000000 -1.000000 -1.000000 -1.000000 
506 5 Car -1 0 -1.000000 524.687581 150.931428 591.940365 208.892050 -1.000000 -1.000000 -1.000000 -1.000000 -1.000000 -1.000000 -1.000000 -1.000000 
507 5 Car -1 0 -1.000000 524.312797 150.182974 593.091414 209.148815 -1.000000 -1.000000 -1.000000 -1.000000 -1.000000 -1.000000 -1.000000 -1.000000 
508 5 Car -1 0 -1.000000 523.925657 149.407897 594.275702 209.414475 -1.000000 -1.000000 -1.000000 -1.000000 -1.000000 -1.000000 -1.000000 -1.000000 
509 5 Car -1 0 -1.000000 523.525509 148.604753 595.494710 209.689501 -1.000000 -1.000000 -1.000000 -1.000000 -1.000000 -1.000000 -1.000000 -1.000000 
510 5 Car -1 0 -1.000000 523.111658 147.771990 596.750012 209.974400 -1.000000 -1.000000 -1.000000 -1.000000 -1.000000 -1.000000 -1.000000 -1.000000 
511 5 Car -1 0 -1.000000 524.179546 147.085249 599.042323 210.421308 -1.000000 -1.000000 -1.000000 -1.000000 -1.000000 -1.000000 -1.000000 -1.000000 
512 5 Car -1 0 -1.000000 525.286967 146.372836 601.403902 210.884625 -1.000000 -1.000000 -1.000000 -1.000000 -1.000000 -1.000000 -1.000000 -1.000000 
513 5 Car -1 0 -1.000000 526.436141 145.633287 603.837952 211.365273 -1.000000 -1.000000 -1.000000 -1.000000 -1.000000 -1.000000 -1.000000 -1.000000 
514 5 Car -1 0 -1.000000 527.629454 144.865019 606.347872 211.864241 -1.000000 -1.000000 -1.000000 -1.000000 -1.000000 -1.000000 -1.000000 -1.000000 
515 5 Car -1 0 -1.000000 528.869478 144.066328 608.937278 212.382599 -1.000000 -1.000000 -1.000000 -1.000000 -1.000000 -1.000000 -1.000000 -1.000000 
516 5 Car -1 0 -1.000000 530.158991 143.235369 611.610024 212.921500 -1.000000 -1.000000 -1.000000 -1.000000 -1.000000 -1.000000 -1.000000 -1.000000 
517 5 Car -1 0 -1.000000 531.915527 142.749180 613.931493 213.551911 -1.000000 -1.000000 -1.000000 -1.000000 -1.000000 -1.000000 -1.000000 -1.000000 
518 5 Car -1 0 -1.000000 533.729195 142.247126 616.312712 214.202830 -1.000000 -1.000000 -1.000000 -1.000000 -1.000000 -1.000000 -1.000000 -1.000000 
519 5 Car -1 0 -1.000000 535.602827 141.728417 618.756020 214.875275 -1.000000 -1.000000 -1.000000 -1.000000 -1.000000 -1.000000 -1.000000 -1.000000 
520 5 Car -1 0 -1.000000 537.539443 141.192210 621.263879 215.570331 -1.000000 -1.000000 -1.000000 -1.000000 -1.000000 -1.000000 -1.000000 -1.000000 
521 5 Car -1 0 -1.000000 535.965145 141.404235 626.576488 218.286832 -1.000000 -1.000000 -1.000000 -1.000000 -1.000000 -1.000000 -1.000000 -1.000000 
522 5 Car -1 0 -1.000000 534.711315 141.289160 625.775136 219.121271 -1.000000 -1.000000 -1.000000 -1.000000 -1.000000 -1.000000 -1.000000 -1.000000 
523 5 Car -1 0 -1.000000 533.426845 141.171359 624.957865 219.976797 -1.000000 -1.000000 -1.000000 -1.000000 -1.000000 -1.000000 -1.000000 -1.000000 
524 5 Car -1 0 -1.000000 532.110558 141.050730 624.124220 220.854219 -1.000000 -1.000000 -1.000000 -1.000000 -1.000000 -1.000000 -1.000000 -1.000000 
525 5 Car -1 0 -1.000000 530.761212 140.927168 623.273727 221.754384 -1.000000 -1.000000 -1.000000 -1.000000 -1.000000 -1.000000 -1.000000 -1.000000 
526 5 Car -1 0 -1.000000 526.935001 141.123449 620.709453 223.222219 -1.000000 -1.000000 -1.000000 -1.000000 -1.000000 -1.000000 -1.000000 -1.000000 
527 5 Car -1 0 -1.000000 522.985963 141.326110 618.082653 224.737569 -1.000000 -1.000000 -1.000000 -1.000000 -1.000000 -1.000000 -1.000000 -1.000000 
528 5 Car -1 0 -1.000000 518.908055 141.535458 615.391028 226.302772 -1.000000 -1.000000 -1.000000 -1.000000 -1.000000 -1.000000 -1.000000 -1.000000 
529 5 Car -1 0 -1.000000 514.694827 141.751819 612.632165 227.920322 -1.000000 -1.000000 -1.000000 -1.000000 -1.000000 -1.000000 -1.000000 -1.000000 
530 5 Car -1 0 -1.000000 511.871304 144.149637 611.577950 232.016827 -1.000000 -1.000000 -1.000000 -1.000000 -1.000000 -1.000000 -1.000000 -1.000000 
531 5 Car -1 0 -1.000000 508.932703 146.645212 610.491384 236.280969 -1.000000 -1.000000 -1.000000 -1.000000 -1.000000 -1.000000 -1.000000 -1.000000 
532 5 Car -1 0 -1.000000 505.871828 149.244638 609.370966 240.723246 -1.000000 -1.000000 -1.000000 -1.000000 -1.000000 -1.000000 -1.000000 -1.000000 
533 5 Car -1 0 -1.000000 503.206056 150.609589 608.555584 243.957892 -1.000000 -1.000000 -1.000000 -1.000000 -1.000000 -1.000000 -1.000000 -1.000000 
534 5 Car -1 0 -1.000000 500.428409 152.031833 607.714795 247.328872 -1.000000 -1.000000 -1.000000 -1.000000 -1.000000 -1.000000 -1.000000 -1.000000 
535 5 Car -1 0 -1.000000 497.531673 153.515049 606.847404 250.844985 -1.000000 -1.000000 -1.000000 -1.000000 -1.000000 -1.000000 -1.000000 -1.000000 
536 5 Car -1 0 -1.000000 494.508005 155.063238 605.952138 254.515803 -1.000000 -1.000000 -1.000000 -1.000000 -1.000000 -1.000000 -1.000000 -1.000000 
537 5 Car -1 0 -1.000000 491.348854 156.680757 605.027640 258.351761 -1.000000 -1.000000 -1.000000 -1.000000 -1.000000 -1.000000 -1.000000 -1.000000 
538 5 Car -1 0 -1.000000 488.659628 160.402276 604.527508 264.388225 -1.000000 -1.000000 -1.000000 -1.000000 -1.000000 -1.000000 -1.000000 -1.000000 
539 5 Car -1 0 -1.000000 485.843782 164.298912 604.010330 270.710220 -1.000000 -1.000000 -1.000000 -1.000000 -1.000000 -1.000000 -1.000000 -1.000000 
540 5 Car -1 0 -1.000000 482.892134 168.383309 603.475233 277.338480 -1.000000 -1.000000 -1.000000 -1.000000 -1.000000 -1.000000 -1.000000 -1.000000 
541 5 Car -1 0 -1.000000 479.794591 172.669356 602.921281 284.295800 -1.000000 -1.000000 -1.000000 -1.000000 -1.000000 -1.000000 -1.000000 -1.000000 
542 5 Car -1 0 -1.000000 473.990787 172.950236 601.283148 287.649486 -1.000000 -1.000000 -1.000000 -1.000000 -1.000000 -1.000000 -1.000000 -1.000000 
543 5 Car -1 0 -1.000000 467.858788 173.247177 599.579873 291.193141 -1.000000 -1.000000 -1.000000 -1.000000 -1.000000 -1.000000 -1.000000 -1.000000 
544 5 Car -1 0 -1.000000 461.369945 173.561597 597.807495 294.943378 -1.000000 -1.000000 -1.000000 -1.000000 -1.000000 -1.000000 -1.000000 -1.000000 
545 5 Car -1 0 -1.000000 454.492174 173.895087 595.961720 298.918803 -1.000000 -1.000000 -1.000000 -1.000000 -1.000000 -1.000000 -1.000000 -1.000000 
546 5 Car -1 0 -1.000000 447.189428 174.249435 594.037893 303.175073 -1.000000 -1.000000 -1.000000 -1.000000 -1.000000 -1.000000 -1.000000 -1.000000 
547 5 Car -1 0 -1.000000 439.421063 174.626662 592.030957 307.723077 -1.000000 -1.000000 -1.000000 -1.000000 -1.000000 -1.000000 -1.000000 -1.000000 
548 5 Car -1 0 -1.000000 431.141079 175.029058 589.935407 312.575117 -1.000000 -1.000000 -1.000000 -1.000000 -1.000000 -1.000000 -1.000000 -1.000000 
549 5 Car -1 0 -1.000000 422.545413 173.663698 585.350171 314.126926 -1.000000 -1.000000 -1.000000 -1.000000 -1.000000 -1.000000 -1.000000 -1.000000 
550 5 Car -1 0 -1.000000 410.556710 172.565332 581.801000 316.753203 -1.000000 -1.000000 -1.000000 -1.000000 -1.000000 -1.000000 -1.000000 -1.000000 
551 5 Car -1 0 -1.000000 401.104645 171.201001 578.261496 320.621650 -1.000000 -1.000000 -1.000000 -1.000000 -1.000000 -1.000000 -1.000000 -1.000000 
552 5 Car -1 0 -1.000000 390.932447 169.734223 574.552065 324.780079 -1.000000 -1.000000 -1.000000 -1.000000 -1.000000 -1.000000 -1.000000 -1.000000 
553 5 Car -1 0 -1.000000 379.954221 168.153045 570.660282 329.350794 -1.000000 -1.000000 -1.000000 -1.000000 -1.000000 -1.000000 -1.000000 -1.000000 
554 5 Car -1 0 -1.000000 368.069846 166.443579 566.572478 334.347291 -1.000000 -1.000000 -1.000000 -1.000000 -1.000000 -1.000000 -1.000000 -1.000000 
555 5 Car -1 0 -1.000000 355.161927 164.589596 562.273582 339.775920 -1.000000 -1.000000 -1.000000 -1.000000 -1.000000 -1.000000 -1.000000 -1.000000 
556 5 Car -1 0 -1.000000 341.091862 162.572008 557.746927 345.695325 -1.000000 -1.000000 -1.000000 -1.000000 -1.000000 -1.000000 -1.000000 -1.000000 
557 5 Car -1 0 -1.000000 325.694879 160.368209 552.974049 352.175259 -1.000000 -1.000000 -1.000000 -1.000000 -1.000000 -1.000000 -1.000000 -1.000000 
558 5 Car -1 0 -1.000000 308.773487 157.951228 547.934418 359.299363 -1.000000 -1.000000 -1.000000 -1.000000 -1.000000 -1.000000 -1.000000 -1.000000 
559 5 Car -1 0 -1.000000 290.089022 155.288623 542.605167 367.168770 -1.000000 -1.000000 -1.000000 -1.000000 -1.000000 -1.000000 -1.000000 -1.000000 
560 5 Car -1 0 -1.000000 269.350225 152.341014 536.960722 375.906972 -1.000000 -1.000000 -1.000000 -1.000000 -1.000000 -1.000000 -1.000000 -1.000000 
561 5 Car -1 0 -1.000000 246.197956 149.060127 530.972400 385.666338 -1.000000 -1.000000 -1.000000 -1.000000 -1.000000 -1.000000 -1.000000 -1.000000 
562 5 Car -1 0 -1.000000 220.184262 145.386138 524.607938 396.637054 -1.000000 -1.000000 -1.000000 -1.000000 -1.000000 -1.000000 -1.000000 -1.000000 
563 5 Car -1 0 -1.000000 195.562625 143.702622 518.351900 408.424624 -1.000000 -1.000000 -1.000000 -1.000000 -1.000000 -1.000000 -1.000000 -1.000000 
564 5 Car -1 0 -1.000000 168.156917 141.836960 511.756777 421.551949 -1.000000 -1.000000 -1.000000 -1.000000 -1.000000 -1.000000 -1.000000 -1.000000 
565 5 Car -1 0 -1.000000 137.465968 139.757884 504.794337 436.261190 -1.000000 -1.000000 -1.000000 -1.000000 -1.000000 -1.000000 -1.000000 -1.000000 
566 5 Car -1 0 -1.000000 102.860654 137.426532 497.433121 452.856619 -1.000000 -1.000000 -1.000000 -1.000000 -1.000000 -1.000000 -1.000000 -1.000000 
567 5 Car -1 0 -1.000000 63.540312 134.794000 489.637970 471.725871 -1.000000 -1.000000 -1.000000 -1.000000 -1.000000 -1.000000 -1.000000 -1.000000 
568 5 Car -1 0 -1.000000 18.469946 131.797867 481.369454 493.370625 -1.000000 -1.000000 -1.000000 -1.000000 -1.000000 -1.000000 -1.000000 -1.000000 
