0 8 Van -1 0 -1.000000 354.795664 136.269415 830.109545 367.069817 -1.000000 -1.000000 -1.000000 -1.000000 -1.000000 -1.000000 -1.000000 -1.000000 
1 8 Van -1 0 -1.000000 474.939775 137.543286 1023.050588 389.037035 -1.000000 -1.000000 -1.000000 -1.000000 -1.000000 -1.000000 -1.000000 -1.000000 
29 8 Van -1 0 -1.000000 1172.002062 182.668218 1239.534418 235.644680 -1.000000 -1.000000 -1.000000 -1.000000 -1.000000 -1.000000 -1.000000 -1.000000 
30 8 Van -1 0 -1.000000 1108.573510 181.003413 1167.447148 229.583155 -1.000000 -1.000000 -1.000000 -1.000000 -1.000000 -1.000000 -1.000000 -1.000000 
31 8 Van -1 0 -1.000000 1044.483658 180.824708 1097.197014 226.049892 -1.000000 -1.000000 -1.000000 -1.000000 -1.000000 -1.000000 -1.000000 -1.000000 
32 8 Van -1 0 -1.000000 988.006943 180.669483 1035.746065 222.950497 -1.000000 -1.000000 -1.000000 -1.000000 -1.000000 -1.000000 -1.000000 -1.000000 
33 8 Van -1 0 -1.000000 937.891722 180.533574 981.555854 220.209850 -1.000000 -1.000000 -1.000000 -1.000000 -1.000000 -1.000000 -1.000000 -1.000000 
34 8 Van -1 0 -1.000000 889.181729 180.380582 929.599617 217.937810 -1.000000 -1.000000 -1.000000 -1.000000 -1.000000 -1.000000 -1.000000 -1.000000 
35 8 Van -1 0 -1.000000 844.993753 180.243154 882.677291 215.879894 -1.000000 -1.000000 -1.000000 -1.000000 -1.000000 -1.000000 -1.000000 -1.000000 
36 8 Van -1 0 -1.000000 803.570493 180.274201 839.316404 214.591401 -1.000000 -1.000000 -1.000000 -1.000000 -1.000000 -1.000000 -1.000000 -1.000000 
37 8 Van -1 0 -1.000000 764.865465 180.303821 798.930067 213.387827 -1.000000 -1.000000 -1.000000 -1.000000 -1.000000 -1.000000 -1.000000 -1.000000 
38 8 Van -1 0 -1.000000 728.631212 180.332119 761.229588 212.320275 -1.000000 -1.000000 -1.000000 -1.000000 -1.000000 -1.000000 -1.000000 -1.000000 
39 8 Van -1 0 -1.000000 697.323392 180.309432 728.753236 211.379471 -1.000000 -1.000000 -1.000000 -1.000000 -1.000000 -1.000000 -1.000000 -1.000000 
40 8 Van -1 0 -1.000000 670.031492 180.296161 700.534156 210.598998 -1.000000 -1.000000 -1.000000 -1.000000 -1.000000 -1.000000 -1.000000 -1.000000 
41 8 Van -1 0 -1.000000 646.402232 180.476817 676.249347 210.237825 -1.000000 -1.000000 -1.000000 -1.000000 -1.000000 -1.000000 -1.000000 -1.000000 
42 8 Van -1 0 -1.000000 626.973195 180.683558 656.237405 209.934107 -1.000000 -1.000000 -1.000000 -1.000000 -1.000000 -1.000000 -1.000000 -1.000000 
43 8 Van -1 0 -1.000000 611.519050 180.869705 640.247805 209.628778 -1.000000 -1.000000 -1.000000 -1.000000 -1.000000 -1.000000 -1.000000 -1.000000 
44 8 Van -1 0 -1.000000 600.633797 181.047051 629.592955 209.324408 -1.000000 -1.000000 -1.000000 -1.000000 -1.000000 -1.000000 -1.000000 -1.000000 
45 8 Van -1 0 -1.000000 589.864415 181.218883 619.296525 209.028688 -1.000000 -1.000000 -1.000000 -1.000000 -1.000000 -1.000000 -1.000000 -1.000000 
46 8 Van -1 0 -1.000000 587.733773 181.034370 615.893559 208.475007 -1.000000 -1.000000 -1.000000 -1.000000 -1.000000 -1.000000 -1.000000 -1.000000 
47 8 Van -1 0 -1.000000 585.526750 180.854068 612.572776 207.935292 -1.000000 -1.000000 -1.000000 -1.000000 -1.000000 -1.000000 -1.000000 -1.000000 
48 8 Van -1 0 -1.000000 586.652173 180.557286 613.360890 207.272978 -1.000000 -1.000000 -1.000000 -1.000000 -1.000000 -1.000000 -1.000000 -1.000000 
49 8 Van -1 0 -1.000000 587.750811 180.249925 614.128052 206.627231 -1.000000 -1.000000 -1.000000 -1.000000 -1.000000 -1.000000 -1.000000 -1.000000 
50 8 Van -1 0 -1.000000 588.823692 179.949313 614.875051 205.997443 -1.000000 -1.000000 -1.000000 -1.000000 -1.000000 -1.000000 -1.000000 -1.000000 
51 8 Van -1 0 -1.000000 590.113888 180.004952 615.881664 205.769610 -1.000000 -1.000000 -1.000000 -1.000000 -1.000000 -1.000000 -1.000000 -1.000000 
52 8 Van -1 0 -1.000000 591.376439 180.059385 616.866280 205.546672 -1.000000 -1.000000 -1.000000 -1.000000 -1.000000 -1.000000 -1.000000 -1.000000 
53 8 Van -1 0 -1.000000 592.612224 180.112648 617.829606 205.328471 -1.000000 -1.000000 -1.000000 -1.000000 -1.000000 -1.000000 -1.000000 -1.000000 
61 1 Car -1 0 -1.000000 531.228019 187.843468 566.699157 214.457720 -1.000000 -1.000000 -1.000000 -1.000000 -1.000000 -1.000000 -1.000000 -1.000000 
62 1 Car -1 0 -1.000000 525.495198 188.828351 564.067929 217.590719 -1.000000 -1.000000 -1.000000 -1.000000 -1.000000 -1.000000 -1.000000 -1.000000 
63 1 Car -1 0 -1.000000 518.813665 189.958417 561.048660 221.242428 -1.000000 -1.000000 -1.000000 -1.000000 -1.000000 -1.000000 -1.000000 -1.000000 
64 1 Car -1 0 -1.000000 510.985997 190.130039 557.704890 224.331376 -1.000000 -1.000000 -1.000000 -1.000000 -1.000000 -1.000000 -1.000000 -1.000000 
65 1 Car -1 0 -1.000000 501.563711 190.332131 553.767162 228.049932 -1.000000 -1.000000 -1.000000 -1.000000 -1.000000 -1.000000 -1.000000 -1.000000 
66 1 Car -1 0 -1.000000 490.004255 190.573600 549.061805 232.612437 -1.000000 -1.000000 -1.000000 -1.000000 -1.000000 -1.000000 -1.000000 -1.000000 
67 1 Car -1 0 -1.000000 475.487468 190.867195 543.340126 238.342977 -1.000000 -1.000000 -1.000000 -1.000000 -1.000000 -1.000000 -1.000000 -1.000000 
68 1 Car -1 0 -1.000000 456.467512 191.235032 536.031409 245.759813 -1.000000 -1.000000 -1.000000 -1.000000 -1.000000 -1.000000 -1.000000 -1.000000 
69 1 Car -1 0 -1.000000 430.284785 192.170950 526.339034 256.701495 -1.000000 -1.000000 -1.000000 -1.000000 -1.000000 -1.000000 -1.000000 -1.000000 
70 1 Car -1 0 -1.000000 395.359483 193.287945 514.324970 271.275504 -1.000000 -1.000000 -1.000000 -1.000000 -1.000000 -1.000000 -1.000000 -1.000000 
71 1 Car -1 0 -1.000000 340.553421 194.903051 497.241594 294.173409 -1.000000 -1.000000 -1.000000 -1.000000 -1.000000 -1.000000 -1.000000 -1.000000 
72 1 Car -1 0 -1.000000 246.312182 197.281575 472.073652 333.577347 -1.000000 -1.000000 -1.000000 -1.000000 -1.000000 -1.000000 -1.000000 -1.000000 
73 1 Car -1 0 -1.000000 46.154965 201.132298 431.303406 417.392891 -1.000000 -1.000000 -1.000000 -1.000000 -1.000000 -1.000000 -1.000000 -1.000000 
217 6 Car -1 0 -1.000000 543.673622 175.861274 582.143273 202.634520 -1.000000 -1.000000 -1.000000 -1.000000 -1.000000 -1.000000 -1.000000 -1.000000 
218 6 Car -1 0 -1.000000 533.059187 176.849746 575.320280 206.025348 -1.000000 -1.000000 -1.000000 -1.000000 -1.000000 -1.000000 -1.000000 -1.000000 
219 6 Car -1 0 -1.000000 520.354389 178.407706 567.283971 210.459465 -1.000000 -1.000000 -1.000000 -1.000000 -1.000000 -1.000000 -1.000000 -1.000000 
220 6 Car -1 0 -1.000000 506.874445 179.363815 559.486658 214.890908 -1.000000 -1.000000 -1.000000 -1.000000 -1.000000 -1.000000 -1.000000 -1.000000 
221 6 Car -1 0 -1.000000 490.115870 180.502645 550.013723 220.400912 -1.000000 -1.000000 -1.000000 -1.000000 -1.000000 -1.000000 -1.000000 -1.000000 
222 6 Car -1 0 -1.000000 470.381387 181.151805 539.714550 226.674259 -1.000000 -1.000000 -1.000000 -1.000000 -1.000000 -1.000000 -1.000000 -1.000000 
223 6 Car -1 0 -1.000000 444.299661 181.978613 526.594704 234.966983 -1.000000 -1.000000 -1.000000 -1.000000 -1.000000 -1.000000 -1.000000 -1.000000 
224 6 Car -1 0 -1.000000 408.221338 183.067551 509.311790 246.441168 -1.000000 -1.000000 -1.000000 -1.000000 -1.000000 -1.000000 -1.000000 -1.000000 
225 5 Cyclist -1 0 -1.000000 478.753445 176.685292 499.304206 205.847172 -1.000000 -1.000000 -1.000000 -1.000000 -1.000000 -1.000000 -1.000000 -1.000000 
225 6 Car -1 0 -1.000000 359.133060 184.758237 488.431890 263.473510 -1.000000 -1.000000 -1.000000 -1.000000 -1.000000 -1.000000 -1.000000 -1.000000 
226 5 Cyclist -1 0 -1.000000 469.336777 176.940500 490.994054 207.598740 -1.000000 -1.000000 -1.000000 -1.000000 -1.000000 -1.000000 -1.000000 -1.000000 
226 6 Car -1 0 -1.000000 279.873467 187.225073 457.954861 290.990266 -1.000000 -1.000000 -1.000000 -1.000000 -1.000000 -1.000000 -1.000000 -1.000000 
227 5 Cyclist -1 0 -1.000000 458.902577 177.223286 481.823697 209.539834 -1.000000 -1.000000 -1.000000 -1.000000 -1.000000 -1.000000 -1.000000 -1.000000 
227 6 Car -1 0 -1.000000 130.281860 191.161761 409.290968 342.976353 -1.000000 -1.000000 -1.000000 -1.000000 -1.000000 -1.000000 -1.000000 -1.000000 
228 4 Cyclist -1 0 -1.000000 426.535886 182.559932 451.173871 214.002585 -1.000000 -1.000000 -1.000000 -1.000000 -1.000000 -1.000000 -1.000000 -1.000000 
228 5 Cyclist -1 0 -1.000000 447.276326 177.538373 471.652435 211.702972 -1.000000 -1.000000 -1.000000 -1.000000 -1.000000 -1.000000 -1.000000 -1.000000 
229 4 Cyclist -1 0 -1.000000 412.929184 182.887200 439.175191 216.232507 -1.000000 -1.000000 -1.000000 -1.000000 -1.000000 -1.000000 -1.000000 -1.000000 
229 5 Cyclist -1 0 -1.000000 434.241183 177.891624 460.307118 214.128564 -1.000000 -1.000000 -1.000000 -1.000000 -1.000000 -1.000000 -1.000000 -1.000000 
230 4 Cyclist -1 0 -1.000000 397.583343 183.254382 425.710903 218.747891 -1.000000 -1.000000 -1.000000 -1.000000 -1.000000 -1.000000 -1.000000 -1.000000 
230 5 Cyclist -1 0 -1.000000 419.524324 178.290413 447.572197 216.867456 -1.000000 -1.000000 -1.000000 -1.000000 -1.000000 -1.000000 -1.000000 -1.000000 
231 4 Cyclist -1 0 -1.000000 380.141721 183.669250 410.495415 221.607302 -1.000000 -1.000000 -1.000000 -1.000000 -1.000000 -1.000000 -1.000000 -1.000000 
231 5 Cyclist -1 0 -1.000000 403.887759 178.228735 434.145446 219.516630 -1.000000 -1.000000 -1.000000 -1.000000 -1.000000 -1.000000 -1.000000 -1.000000 
232 4 Cyclist -1 0 -1.000000 360.143023 184.141740 393.163769 224.886496 -1.000000 -1.000000 -1.000000 -1.000000 -1.000000 -1.000000 -1.000000 -1.000000 
232 5 Cyclist -1 0 -1.000000 385.892009 178.157803 418.811170 222.566075 -1.000000 -1.000000 -1.000000 -1.000000 -1.000000 -1.000000 -1.000000 -1.000000 
233 4 Cyclist -1 0 -1.000000 336.979866 184.684750 373.241998 228.685241 -1.000000 -1.000000 -1.000000 -1.000000 -1.000000 -1.000000 -1.000000 -1.000000 
233 5 Cyclist -1 0 -1.000000 364.959017 178.075361 401.132284 226.113923 -1.000000 -1.000000 -1.000000 -1.000000 -1.000000 -1.000000 -1.000000 -1.000000 
234 4 Cyclist -1 0 -1.000000 309.764838 184.982456 350.763447 232.787573 -1.000000 -1.000000 -1.000000 -1.000000 -1.000000 -1.000000 -1.000000 -1.000000 
234 5 Cyclist -1 0 -1.000000 340.305113 177.978352 380.527107 230.293241 -1.000000 -1.000000 -1.000000 -1.000000 -1.000000 -1.000000 -1.000000 -1.000000 
235 4 Cyclist -1 0 -1.000000 277.433814 185.332865 324.302735 237.661758 -1.000000 -1.000000 -1.000000 -1.000000 -1.000000 -1.000000 -1.000000 -1.000000 
235 5 Cyclist -1 0 -1.000000 310.840648 177.862533 356.204160 235.289092 -1.000000 -1.000000 -1.000000 -1.000000 -1.000000 -1.000000 -1.000000 -1.000000 
236 4 Cyclist -1 0 -1.000000 238.394299 185.751327 292.699055 243.548257 -1.000000 -1.000000 -1.000000 -1.000000 -1.000000 -1.000000 -1.000000 -1.000000 
236 5 Cyclist -1 0 -1.000000 274.843585 178.315973 327.449990 241.962446 -1.000000 -1.000000 -1.000000 -1.000000 -1.000000 -1.000000 -1.000000 -1.000000 
237 4 Cyclist -1 0 -1.000000 190.316341 186.259798 254.291889 250.798987 -1.000000 -1.000000 -1.000000 -1.000000 -1.000000 -1.000000 -1.000000 -1.000000 
237 5 Cyclist -1 0 -1.000000 230.111120 178.879327 292.342826 250.256913 -1.000000 -1.000000 -1.000000 -1.000000 -1.000000 -1.000000 -1.000000 -1.000000 
238 4 Cyclist -1 1 -1.000000 129.649721 186.890811 206.619646 259.950366 -1.000000 -1.000000 -1.000000 -1.000000 -1.000000 -1.000000 -1.000000 -1.000000 
238 5 Cyclist -1 0 -1.000000 173.024376 179.598067 248.515770 260.844868 -1.000000 -1.000000 -1.000000 -1.000000 -1.000000 -1.000000 -1.000000 -1.000000 
239 4 Cyclist -1 1 -1.000000 53.321789 188.619168 146.754102 272.823267 -1.000000 -1.000000 -1.000000 -1.000000 -1.000000 -1.000000 -1.000000 -1.000000 
239 5 Cyclist -1 0 -1.000000 97.645274 180.537354 192.259460 274.830174 -1.000000 -1.000000 -1.000000 -1.000000 -1.000000 -1.000000 -1.000000 -1.000000 
339 2 Pedestrian -1 0 -1.000000 481.082386 177.369139 495.888029 203.017919 -1.000000 -1.000000 -1.000000 -1.000000 -1.000000 -1.000000 -1.000000 -1.000000 
340 2 Pedestrian -1 0 -1.000000 475.936072 177.328760 491.427556 204.075788 -1.000000 -1.000000 -1.000000 -1.000000 -1.000000 -1.000000 -1.000000 -1.000000 
341 2 Pedestrian -1 0 -1.000000 470.329509 177.284768 486.573085 205.228303 -1.000000 -1.000000 -1.000000 -1.000000 -1.000000 -1.000000 -1.000000 -1.000000 
342 2 Pedestrian -1 0 -1.000000 464.198064 177.236656 481.270002 206.488760 -1.000000 -1.000000 -1.000000 -1.000000 -1.000000 -1.000000 -1.000000 -1.000000 
343 2 Pedestrian -1 0 -1.000000 457.464410 177.183816 475.453107 207.873071 -1.000000 -1.000000 -1.000000 -1.000000 -1.000000 -1.000000 -1.000000 -1.000000 
344 2 Pedestrian -1 0 -1.000000 450.363658 178.039980 469.375923 210.329039 -1.000000 -1.000000 -1.000000 -1.000000 -1.000000 -1.000000 -1.000000 -1.000000 
345 2 Pedestrian -1 0 -1.000000 442.482240 178.990316 462.640611 213.055152 -1.000000 -1.000000 -1.000000 -1.000000 -1.000000 -1.000000 -1.000000 -1.000000 
346 2 Pedestrian -1 0 -1.000000 433.683925 180.051266 455.134147 216.098577 -1.000000 -1.000000 -1.000000 -1.000000 -1.000000 -1.000000 -1.000000 -1.000000 
347 2 Pedestrian -1 0 -1.000000 423.957306 179.058993 446.871281 217.332877 -1.000000 -1.000000 -1.000000 -1.000000 -1.000000 -1.000000 -1.000000 -1.000000 
348 2 Pedestrian -1 0 -1.000000 412.950769 177.936072 437.540554 218.729694 -1.000000 -1.000000 -1.000000 -1.000000 -1.000000 -1.000000 -1.000000 -1.000000 
349 2 Pedestrian -1 0 -1.000000 400.393884 176.654884 426.920657 220.323386 -1.000000 -1.000000 -1.000000 -1.000000 -1.000000 -1.000000 -1.000000 -1.000000 
350 2 Pedestrian -1 0 -1.000000 386.033303 177.059330 414.711390 223.852941 -1.000000 -1.000000 -1.000000 -1.000000 -1.000000 -1.000000 -1.000000 -1.000000 
351 2 Pedestrian -1 0 -1.000000 368.879150 177.539043 400.163366 228.054193 -1.000000 -1.000000 -1.000000 -1.000000 -1.000000 -1.000000 -1.000000 -1.000000 
352 2 Pedestrian -1 0 -1.000000 349.103883 178.093940 383.454571 232.905996 -1.000000 -1.000000 -1.000000 -1.000000 -1.000000 -1.000000 -1.000000 -1.000000 
353 2 Pedestrian -1 0 -1.000000 325.654757 178.752021 363.722191 238.659948 -1.000000 -1.000000 -1.000000 -1.000000 -1.000000 -1.000000 -1.000000 -1.000000 
354 2 Pedestrian -1 0 -1.000000 297.403129 179.545016 340.063865 245.593460 -1.000000 -1.000000 -1.000000 -1.000000 -1.000000 -1.000000 -1.000000 -1.000000 
355 2 Pedestrian -1 0 -1.000000 261.363291 178.942309 309.891352 252.553278 -1.000000 -1.000000 -1.000000 -1.000000 -1.000000 -1.000000 -1.000000 -1.000000 
356 2 Pedestrian -1 0 -1.000000 216.014389 178.183727 272.203155 261.312965 -1.000000 -1.000000 -1.000000 -1.000000 -1.000000 -1.000000 -1.000000 -1.000000 
357 2 Pedestrian -1 0 -1.000000 157.214734 177.199816 223.791647 272.674401 -1.000000 -1.000000 -1.000000 -1.000000 -1.000000 -1.000000 -1.000000 -1.000000 
358 2 Pedestrian -1 0 -1.000000 77.937954 175.872669 159.321164 287.998876 -1.000000 -1.000000 -1.000000 -1.000000 -1.000000 -1.000000 -1.000000 -1.000000 
395 3 Van -1 0 -1.000000 505.835533 173.408075 535.746083 199.074286 -1.000000 -1.000000 -1.000000 -1.000000 -1.000000 -1.000000 -1.000000 -1.000000 
396 3 Van -1 0 -1.000000 501.657811 172.823566 532.844836 199.445320 -1.000000 -1.000000 -1.000000 -1.000000 -1.000000 -1.000000 -1.000000 -1.000000 
396 7 Pedestrian -1 2 -1.000000 412.127917 182.240011 435.866799 225.697209 -1.000000 -1.000000 -1.000000 -1.000000 -1.000000 -1.000000 -1.000000 -1.000000 
397 3 Van -1 0 -1.000000 497.156733 172.193933 529.739169 199.845085 -1.000000 -1.000000 -1.000000 -1.000000 -1.000000 -1.000000 -1.000000 -1.000000 
397 7 Pedestrian -1 2 -1.000000 397.534687 181.955497 423.356050 228.496963 -1.000000 -1.000000 -1.000000 -1.000000 -1.000000 -1.000000 -1.000000 -1.000000 
398 3 Van -1 0 -1.000000 492.293243 171.513740 526.406693 200.277053 -1.000000 -1.000000 -1.000000 -1.000000 -1.000000 -1.000000 -1.000000 -1.000000 
398 7 Pedestrian -1 2 -1.000000 380.705703 181.628922 408.994521 231.725963 -1.000000 -1.000000 -1.000000 -1.000000 -1.000000 -1.000000 -1.000000 -1.000000 
399 3 Van -1 0 -1.000000 487.112208 171.672923 522.877071 201.618696 -1.000000 -1.000000 -1.000000 -1.000000 -1.000000 -1.000000 -1.000000 -1.000000 
399 7 Pedestrian -1 2 -1.000000 361.084547 181.250217 392.338717 235.491121 -1.000000 -1.000000 -1.000000 -1.000000 -1.000000 -1.000000 -1.000000 -1.000000 
400 3 Van -1 0 -1.000000 481.487053 171.845713 519.075209 203.075407 -1.000000 -1.000000 -1.000000 -1.000000 -1.000000 -1.000000 -1.000000 -1.000000 
400 7 Pedestrian -1 2 -1.000000 337.913468 180.805814 372.791146 239.938066 -1.000000 -1.000000 -1.000000 -1.000000 -1.000000 -1.000000 -1.000000 -1.000000 
401 3 Van -1 0 -1.000000 475.660520 171.651796 515.101544 204.290684 -1.000000 -1.000000 -1.000000 -1.000000 -1.000000 -1.000000 -1.000000 -1.000000 
401 7 Pedestrian -1 2 -1.000000 310.133246 180.272133 349.527119 245.270419 -1.000000 -1.000000 -1.000000 -1.000000 -1.000000 -1.000000 -1.000000 -1.000000 
402 3 Van -1 0 -1.000000 469.056101 168.988112 510.589835 203.162624 -1.000000 -1.000000 -1.000000 -1.000000 -1.000000 -1.000000 -1.000000 -1.000000 
402 7 Pedestrian -1 2 -1.000000 278.046690 180.565257 322.923019 252.412997 -1.000000 -1.000000 -1.000000 -1.000000 -1.000000 -1.000000 -1.000000 -1.000000 
403 3 Van -1 0 -1.000000 461.796650 166.061661 505.681850 201.922542 -1.000000 -1.000000 -1.000000 -1.000000 -1.000000 -1.000000 -1.000000 -1.000000 
403 7 Pedestrian -1 2 -1.000000 238.421806 180.917524 290.405108 261.235575 -1.000000 -1.000000 -1.000000 -1.000000 -1.000000 -1.000000 -1.000000 -1.000000 
404 3 Van -1 0 -1.000000 453.791540 166.888016 500.412694 204.694583 -1.000000 -1.000000 -1.000000 -1.000000 -1.000000 -1.000000 -1.000000 -1.000000 
404 7 Pedestrian -1 2 -1.000000 188.248437 181.357780 249.754949 272.409882 -1.000000 -1.000000 -1.000000 -1.000000 -1.000000 -1.000000 -1.000000 -1.000000 
405 3 Van -1 0 -1.000000 445.388298 169.076516 494.898915 208.899240 -1.000000 -1.000000 -1.000000 -1.000000 -1.000000 -1.000000 -1.000000 -1.000000 
405 7 Pedestrian -1 2 -1.000000 122.667716 181.923696 197.485948 287.020817 -1.000000 -1.000000 -1.000000 -1.000000 -1.000000 -1.000000 -1.000000 -1.000000 
406 3 Van -1 0 -1.000000 436.172601 169.696926 488.976707 211.808899 -1.000000 -1.000000 -1.000000 -1.000000 -1.000000 -1.000000 -1.000000 -1.000000 
406 7 Pedestrian -1 2 -1.000000 33.295299 182.678025 127.786045 306.941862 -1.000000 -1.000000 -1.000000 -1.000000 -1.000000 -1.000000 -1.000000 -1.000000 
407 3 Van -1 0 -1.000000 425.833836 170.392408 482.433195 215.073505 -1.000000 -1.000000 -1.000000 -1.000000 -1.000000 -1.000000 -1.000000 -1.000000 
408 3 Van -1 0 -1.000000 414.557479 169.599285 475.530354 217.194114 -1.000000 -1.000000 -1.000000 -1.000000 -1.000000 -1.000000 -1.000000 -1.000000 
409 3 Van -1 0 -1.000000 401.705795 168.696321 467.813317 219.611257 -1.000000 -1.000000 -1.000000 -1.000000 -1.000000 -1.000000 -1.000000 -1.000000 
410 3 Van -1 0 -1.000000 386.923782 167.659002 459.129074 222.391809 -1.000000 -1.000000 -1.000000 -1.000000 -1.000000 -1.000000 -1.000000 -1.000000 
411 3 Van -1 0 -1.000000 369.181208 166.901970 449.418177 226.012694 -1.000000 -1.000000 -1.000000 -1.000000 -1.000000 -1.000000 -1.000000 -1.000000 
412 3 Van -1 0 -1.000000 348.353767 166.013939 438.332105 230.263727 -1.000000 -1.000000 -1.000000 -1.000000 -1.000000 -1.000000 -1.000000 -1.000000 
413 3 Van -1 0 -1.000000 323.560300 164.957682 425.556497 235.325085 -1.000000 -1.000000 -1.000000 -1.000000 -1.000000 -1.000000 -1.000000 -1.000000 
414 3 Van -1 0 -1.000000 293.548751 163.680398 410.673277 241.452869 -1.000000 -1.000000 -1.000000 -1.000000 -1.000000 -1.000000 -1.000000 -1.000000 
415 3 Van -1 0 -1.000000 256.478044 162.104599 393.114026 249.023813 -1.000000 -1.000000 -1.000000 -1.000000 -1.000000 -1.000000 -1.000000 -1.000000 
416 3 Van -1 0 -1.000000 210.288524 159.801016 372.246133 258.247531 -1.000000 -1.000000 -1.000000 -1.000000 -1.000000 -1.000000 -1.000000 -1.000000 
417 3 Van -1 0 -1.000000 149.961497 156.800073 346.833595 270.299017 -1.000000 -1.000000 -1.000000 -1.000000 -1.000000 -1.000000 -1.000000 -1.000000 
418 3 Van -1 0 -1.000000 68.239858 152.738051 315.410057 286.663196 -1.000000 -1.000000 -1.000000 -1.000000 -1.000000 -1.000000 -1.000000 -1.000000 
