0 2 Cyclist -1 0 -1.000000 741.412765 162.333621 794.086265 240.527365 -1.000000 -1.000000 -1.000000 -1.000000 -1.000000 -1.000000 -1.000000 -1.000000 
0 3 Cyclist -1 0 -1.000000 1038.840693 151.131544 1188.506318 284.496521 -1.000000 -1.000000 -1.000000 -1.000000 -1.000000 -1.000000 -1.000000 -1.000000 
1 2 Cyclist -1 0 -1.000000 735.506701 166.707207 790.591044 247.144037 -1.000000 -1.000000 -1.000000 -1.000000 -1.000000 -1.000000 -1.000000 -1.000000 
1 3 Cyclist -1 0 -1.000000 1039.342465 153.629210 1194.496770 291.569935 -1.000000 -1.000000 -1.000000 -1.000000 -1.000000 -1.000000 -1.000000 -1.000000 
2 2 Cyclist -1 0 -1.000000 731.404628 163.055659 789.235803 245.773343 -1.000000 -1.000000 -1.000000 -1.000000 -1.000000 -1.000000 -1.000000 -1.000000 
2 3 Cyclist -1 0 -1.000000 1040.061795 150.300092 1201.087946 293.016145 -1.000000 -1.000000 -1.000000 -1.000000 -1.000000 -1.000000 -1.000000 -1.000000 
3 2 Cyclist -1 0 -1.000000 725.781438 158.856348 786.310634 244.000367 -1.000000 -1.000000 -1.000000 -1.000000 -1.000000 -1.000000 -1.000000 -1.000000 
3 3 Cyclist -1 0 -1.000000 1040.826221 146.735385 1208.144365 294.567227 -1.000000 -1.000000 -1.000000 -1.000000 -1.000000 -1.000000 -1.000000 -1.000000 
4 2 Cyclist -1 0 -1.000000 723.260115 156.652834 786.018994 244.649552 -1.000000 -1.000000 -1.000000 -1.000000 -1.000000 -1.000000 -1.000000 -1.000000 
4 3 Cyclist -1 0 -1.000000 1041.295069 143.223080 1215.329547 296.626326 -1.000000 -1.000000 -1.000000 -1.000000 -1.000000 -1.000000 -1.000000 -1.000000 
5 2 Cyclist -1 0 -1.000000 720.479441 159.287122 785.592421 250.387855 -1.000000 -1.000000 -1.000000 -1.000000 -1.000000 -1.000000 -1.000000 -1.000000 
5 3 Cyclist -1 0 -1.000000 1043.297211 145.412316 1224.779376 304.776425 -1.000000 -1.000000 -1.000000 -1.000000 -1.000000 -1.000000 -1.000000 -1.000000 
6 2 Cyclist -1 0 -1.000000 719.156609 163.371772 786.979988 257.773751 -1.000000 -1.000000 -1.000000 -1.000000 -1.000000 -1.000000 -1.000000 -1.000000 
7 2 Cyclist -1 0 -1.000000 718.637788 163.673585 789.697454 261.872888 -1.000000 -1.000000 -1.000000 -1.000000 -1.000000 -1.000000 -1.000000 -1.000000 
8 2 Cyclist -1 0 -1.000000 718.082808 164.000347 792.637783 266.315523 -1.000000 -1.000000 -1.000000 -1.000000 -1.000000 -1.000000 -1.000000 -1.000000 
9 2 Cyclist -1 0 -1.000000 720.297772 164.286355 795.545401 270.815025 -1.000000 -1.000000 -1.000000 -1.000000 -1.000000 -1.000000 -1.000000 -1.000000 
10 2 Cyclist -1 0 -1.000000 722.689376 164.598324 798.678325 275.692987 -1.000000 -1.000000 -1.000000 -1.000000 -1.000000 -1.000000 -1.000000 -1.000000 
11 2 Cyclist -1 0 -1.000000 728.984118 160.750252 806.695263 277.106174 -1.000000 -1.000000 -1.000000 -1.000000 -1.000000 -1.000000 -1.000000 -1.000000 
12 2 Cyclist -1 0 -1.000000 735.812196 156.512812 815.497973 278.653557 -1.000000 -1.000000 -1.000000 -1.000000 -1.000000 -1.000000 -1.000000 -1.000000 
13 2 Cyclist -1 0 -1.000000 743.241759 151.824395 825.212016 280.355891 -1.000000 -1.000000 -1.000000 -1.000000 -1.000000 -1.000000 -1.000000 -1.000000 
14 2 Cyclist -1 0 -1.000000 753.541327 150.363450 840.070900 286.109123 -1.000000 -1.000000 -1.000000 -1.000000 -1.000000 -1.000000 -1.000000 -1.000000 
15 2 Cyclist -1 0 -1.000000 764.827454 148.728078 856.703460 292.540919 -1.000000 -1.000000 -1.000000 -1.000000 -1.000000 -1.000000 -1.000000 -1.000000 
16 2 Cyclist -1 0 -1.000000 777.248192 146.885027 875.448910 299.778853 -1.000000 -1.000000 -1.000000 -1.000000 -1.000000 -1.000000 -1.000000 -1.000000 
17 2 Cyclist -1 0 -1.000000 790.982845 144.792023 896.738738 307.984613 -1.000000 -1.000000 -1.000000 -1.000000 -1.000000 -1.000000 -1.000000 -1.000000 
18 2 Cyclist -1 0 -1.000000 806.250672 142.394480 921.130396 317.366235 -1.000000 -1.000000 -1.000000 -1.000000 -1.000000 -1.000000 -1.000000 -1.000000 
19 2 Cyclist -1 0 -1.000000 824.120282 140.427603 953.560628 330.225875 -1.000000 -1.000000 -1.000000 -1.000000 -1.000000 -1.000000 -1.000000 -1.000000 
20 2 Cyclist -1 0 -1.000000 844.434833 138.095655 992.028948 345.463715 -1.000000 -1.000000 -1.000000 -1.000000 -1.000000 -1.000000 -1.000000 -1.000000 
21 2 Cyclist -1 0 -1.000000 867.732876 135.286574 1038.394941 363.806677 -1.000000 -1.000000 -1.000000 -1.000000 -1.000000 -1.000000 -1.000000 -1.000000 
22 2 Cyclist -1 0 -1.000000 894.723663 131.837209 1095.369140 386.311541 -1.000000 -1.000000 -1.000000 -1.000000 -1.000000 -1.000000 -1.000000 -1.000000 
23 2 Cyclist -1 0 -1.000000 926.360616 127.500452 1167.062687 414.684890 -1.000000 -1.000000 -1.000000 -1.000000 -1.000000 -1.000000 -1.000000 -1.000000 
70 1 Car -1 0 -1.000000 279.165378 171.230090 340.329636 198.096149 -1.000000 -1.000000 -1.000000 -1.000000 -1.000000 -1.000000 -1.000000 -1.000000 
71 1 Car -1 0 -1.000000 254.600089 173.221956 322.150404 202.104595 -1.000000 -1.000000 -1.000000 -1.000000 -1.000000 -1.000000 -1.000000 -1.000000 
72 1 Car -1 0 -1.000000 225.178645 177.272536 301.608848 208.606093 -1.000000 -1.000000 -1.000000 -1.000000 -1.000000 -1.000000 -1.000000 -1.000000 
73 1 Car -1 0 -1.000000 190.336264 181.894098 277.730038 216.306475 -1.000000 -1.000000 -1.000000 -1.000000 -1.000000 -1.000000 -1.000000 -1.000000 
74 1 Car -1 0 -1.000000 148.601408 181.500822 249.735917 219.334149 -1.000000 -1.000000 -1.000000 -1.000000 -1.000000 -1.000000 -1.000000 -1.000000 
75 1 Car -1 0 -1.000000 96.620952 179.837065 215.772307 221.828722 -1.000000 -1.000000 -1.000000 -1.000000 -1.000000 -1.000000 -1.000000 -1.000000 
76 1 Car -1 0 -1.000000 31.245010 177.561753 174.429681 224.966563 -1.000000 -1.000000 -1.000000 -1.000000 -1.000000 -1.000000 -1.000000 -1.000000 
