0 1 Car -1 -1 -1.000000 318.697367 180.160058 468.661420 276.775205 -1.000000 -1.000000 -1.000000 -1.000000 -1.000000 -1.000000 -1.000000 -1.000000 
0 2 Car -1 2 -1.000000 658.042292 170.209177 689.838428 200.541247 -1.000000 -1.000000 -1.000000 -1.000000 -1.000000 -1.000000 -1.000000 -1.000000 
1 1 Car -1 -1 -1.000000 302.904521 180.459480 462.342780 282.473549 -1.000000 -1.000000 -1.000000 -1.000000 -1.000000 -1.000000 -1.000000 -1.000000 
1 2 Car -1 2 -1.000000 658.720061 170.814064 691.040948 201.642616 -1.000000 -1.000000 -1.000000 -1.000000 -1.000000 -1.000000 -1.000000 -1.000000 
2 1 Car -1 -1 -1.000000 285.279647 180.784367 455.485385 288.834268 -1.000000 -1.000000 -1.000000 -1.000000 -1.000000 -1.000000 -1.000000 -1.000000 
2 2 Car -1 2 -1.000000 659.420588 171.439126 692.283493 202.780835 -1.000000 -1.000000 -1.000000 -1.000000 -1.000000 -1.000000 -1.000000 -1.000000 
3 1 Car -1 -1 -1.000000 265.484158 181.138111 448.017351 295.979980 -1.000000 -1.000000 -1.000000 -1.000000 -1.000000 -1.000000 -1.000000 -1.000000 
3 2 Car -1 2 -1.000000 660.063728 170.566939 693.550200 202.442697 -1.000000 -1.000000 -1.000000 -1.000000 -1.000000 -1.000000 -1.000000 -1.000000 
4 1 Car -1 -1 -1.000000 243.090554 181.524737 439.853411 304.065553 -1.000000 -1.000000 -1.000000 -1.000000 -1.000000 -1.000000 -1.000000 -1.000000 
4 2 Car -1 2 -1.000000 660.596052 169.664709 694.860466 202.092863 -1.000000 -1.000000 -1.000000 -1.000000 -1.000000 -1.000000 -1.000000 -1.000000 
5 1 Car -1 -1 -1.000000 217.551191 181.949056 430.891646 313.289466 -1.000000 -1.000000 -1.000000 -1.000000 -1.000000 -1.000000 -1.000000 -1.000000 
5 2 Car -1 2 -1.000000 660.275838 169.084662 695.118568 202.018770 -1.000000 -1.000000 -1.000000 -1.000000 -1.000000 -1.000000 -1.000000 -1.000000 
6 1 Car -1 -1 -1.000000 188.152881 182.416863 421.009215 323.910312 -1.000000 -1.000000 -1.000000 -1.000000 -1.000000 -1.000000 -1.000000 -1.000000 
6 2 Car -1 2 -1.000000 659.946380 168.486279 695.384809 201.942332 -1.000000 -1.000000 -1.000000 -1.000000 -1.000000 -1.000000 -1.000000 -1.000000 
7 1 Car -1 -1 -1.000000 153.949231 182.935205 410.056690 336.271428 -1.000000 -1.000000 -1.000000 -1.000000 -1.000000 -1.000000 -1.000000 -1.000000 
7 2 Car -1 2 -1.000000 659.607274 167.868678 695.659579 201.863435 -1.000000 -1.000000 -1.000000 -1.000000 -1.000000 -1.000000 -1.000000 -1.000000 
8 1 Car -1 -1 -1.000000 113.656834 183.512743 397.850453 350.838703 -1.000000 -1.000000 -1.000000 -1.000000 -1.000000 -1.000000 -1.000000 -1.000000 
8 2 Car -1 2 -1.000000 659.258086 167.230917 695.943297 201.781958 -1.000000 -1.000000 -1.000000 -1.000000 -1.000000 -1.000000 -1.000000 -1.000000 
9 1 Car -1 -1 -1.000000 69.478538 184.088099 384.007128 365.842169 -1.000000 -1.000000 -1.000000 -1.000000 -1.000000 -1.000000 -1.000000 -1.000000 
9 2 Car -1 2 -1.000000 658.898360 166.571995 696.236408 201.697774 -1.000000 -1.000000 -1.000000 -1.000000 -1.000000 -1.000000 -1.000000 -1.000000 
10 1 Car -1 -1 -1.000000 17.196690 184.726756 368.636653 383.606093 -1.000000 -1.000000 -1.000000 -1.000000 -1.000000 -1.000000 -1.000000 -1.000000 
10 2 Car -1 2 -1.000000 658.527611 165.890839 696.539389 201.610745 -1.000000 -1.000000 -1.000000 -1.000000 -1.000000 -1.000000 -1.000000 -1.000000 
11 2 Car -1 2 -1.000000 657.421192 165.775665 695.857930 202.071863 -1.000000 -1.000000 -1.000000 -1.000000 -1.000000 -1.000000 -1.000000 -1.000000 
12 2 Car -1 2 -1.000000 656.281934 165.656700 695.153994 202.548075 -1.000000 -1.000000 -1.000000 -1.000000 -1.000000 -1.000000 -1.000000 -1.000000 
13 2 Car -1 2 -1.000000 653.153002 164.796749 692.441134 202.298559 -1.000000 -1.000000 -1.000000 -1.000000 -1.000000 -1.000000 -1.000000 -1.000000 
14 2 Car -1 2 -1.000000 648.661611 168.283714 688.592250 206.402564 -1.000000 -1.000000 -1.000000 -1.000000 -1.000000 -1.000000 -1.000000 -1.000000 
15 2 Car -1 2 -1.000000 644.017737 171.889905 684.611668 210.645996 -1.000000 -1.000000 -1.000000 -1.000000 -1.000000 -1.000000 -1.000000 -1.000000 
16 2 Car -1 2 -1.000000 636.365885 171.399355 677.584297 210.807733 -1.000000 -1.000000 -1.000000 -1.000000 -1.000000 -1.000000 -1.000000 -1.000000 
17 2 Car -1 2 -1.000000 627.870718 170.893469 670.318925 210.974049 -1.000000 -1.000000 -1.000000 -1.000000 -1.000000 -1.000000 -1.000000 -1.000000 
18 2 Car -1 2 -1.000000 618.798770 170.371548 662.804101 211.145163 -1.000000 -1.000000 -1.000000 -1.000000 -1.000000 -1.000000 -1.000000 -1.000000 
19 2 Car -1 2 -1.000000 609.446052 169.832851 655.027663 211.321312 -1.000000 -1.000000 -1.000000 -1.000000 -1.000000 -1.000000 -1.000000 -1.000000 
20 2 Car -1 2 -1.000000 599.798466 169.276586 646.976677 211.502748 -1.000000 -1.000000 -1.000000 -1.000000 -1.000000 -1.000000 -1.000000 -1.000000 
21 2 Car -1 2 -1.000000 587.921863 168.749543 636.142072 211.742081 -1.000000 -1.000000 -1.000000 -1.000000 -1.000000 -1.000000 -1.000000 -1.000000 
22 2 Car -1 2 -1.000000 575.650148 168.204323 624.916696 211.989659 -1.000000 -1.000000 -1.000000 -1.000000 -1.000000 -1.000000 -1.000000 -1.000000 
23 2 Car -1 2 -1.000000 562.962416 167.639986 613.280011 212.245935 -1.000000 -1.000000 -1.000000 -1.000000 -1.000000 -1.000000 -1.000000 -1.000000 
24 2 Car -1 2 -1.000000 549.836255 167.055527 601.210037 212.511400 -1.000000 -1.000000 -1.000000 -1.000000 -1.000000 -1.000000 -1.000000 -1.000000 
25 2 Car -1 2 -1.000000 536.247601 166.449866 588.683206 212.786582 -1.000000 -1.000000 -1.000000 -1.000000 -1.000000 -1.000000 -1.000000 -1.000000 
26 2 Car -1 2 -1.000000 523.338814 167.588050 576.356378 214.568682 -1.000000 -1.000000 -1.000000 -1.000000 -1.000000 -1.000000 -1.000000 -1.000000 
27 2 Car -1 2 -1.000000 510.105489 168.755903 563.703584 216.400541 -1.000000 -1.000000 -1.000000 -1.000000 -1.000000 -1.000000 -1.000000 -1.000000 
28 2 Car -1 2 -1.000000 496.534641 169.954539 550.712411 218.284199 -1.000000 -1.000000 -1.000000 -1.000000 -1.000000 -1.000000 -1.000000 -1.000000 
29 2 Car -1 2 -1.000000 482.612576 171.185126 537.369811 220.221812 -1.000000 -1.000000 -1.000000 -1.000000 -1.000000 -1.000000 -1.000000 -1.000000 
30 2 Car -1 2 -1.000000 468.324862 172.448894 523.662064 222.215651 -1.000000 -1.000000 -1.000000 -1.000000 -1.000000 -1.000000 -1.000000 -1.000000 
31 2 Car -1 2 -1.000000 453.656245 173.747138 509.574717 224.268122 -1.000000 -1.000000 -1.000000 -1.000000 -1.000000 -1.000000 -1.000000 -1.000000 
32 2 Car -1 2 -1.000000 440.851646 172.861548 496.432726 224.088922 -1.000000 -1.000000 -1.000000 -1.000000 -1.000000 -1.000000 -1.000000 -1.000000 
33 2 Car -1 2 -1.000000 427.717333 171.951173 482.921918 223.904441 -1.000000 -1.000000 -1.000000 -1.000000 -1.000000 -1.000000 -1.000000 -1.000000 
34 2 Car -1 2 -1.000000 413.084333 171.014959 469.026607 223.714446 -1.000000 -1.000000 -1.000000 -1.000000 -1.000000 -1.000000 -1.000000 -1.000000 
35 2 Car -1 2 -1.000000 397.695016 170.051793 454.730205 223.518689 -1.000000 -1.000000 -1.000000 -1.000000 -1.000000 -1.000000 -1.000000 -1.000000 
36 2 Car -1 2 -1.000000 387.947914 167.889680 446.064270 222.187832 -1.000000 -1.000000 -1.000000 -1.000000 -1.000000 -1.000000 -1.000000 -1.000000 
37 2 Car -1 2 -1.000000 380.249117 168.708873 439.405737 223.892818 -1.000000 -1.000000 -1.000000 -1.000000 -1.000000 -1.000000 -1.000000 -1.000000 
38 2 Car -1 2 -1.000000 372.302802 169.552935 432.540143 225.653324 -1.000000 -1.000000 -1.000000 -1.000000 -1.000000 -1.000000 -1.000000 -1.000000 
39 2 Car -1 2 -1.000000 370.714163 172.818915 431.764812 229.786090 -1.000000 -1.000000 -1.000000 -1.000000 -1.000000 -1.000000 -1.000000 -1.000000 
40 2 Car -1 2 -1.000000 368.168006 176.169252 430.962297 234.036799 -1.000000 -1.000000 -1.000000 -1.000000 -1.000000 -1.000000 -1.000000 -1.000000 
41 2 Car -1 2 -1.000000 370.411201 177.667436 432.563596 235.807331 -1.000000 -1.000000 -1.000000 -1.000000 -1.000000 -1.000000 -1.000000 -1.000000 
42 2 Car -1 2 -1.000000 371.753982 179.180738 434.172443 237.590340 -1.000000 -1.000000 -1.000000 -1.000000 -1.000000 -1.000000 -1.000000 -1.000000 
43 2 Car -1 2 -1.000000 378.512568 180.714382 441.947569 240.193908 -1.000000 -1.000000 -1.000000 -1.000000 -1.000000 -1.000000 -1.000000 -1.000000 
44 2 Car -1 2 -1.000000 385.547854 182.298043 450.000491 242.884467 -1.000000 -1.000000 -1.000000 -1.000000 -1.000000 -1.000000 -1.000000 -1.000000 
45 2 Car -1 2 -1.000000 392.874865 183.687846 458.685942 245.665985 -1.000000 -1.000000 -1.000000 -1.000000 -1.000000 -1.000000 -1.000000 -1.000000 
46 2 Car -1 2 -1.000000 401.768065 183.516890 468.469102 246.398726 -1.000000 -1.000000 -1.000000 -1.000000 -1.000000 -1.000000 -1.000000 -1.000000 
47 2 Car -1 2 -1.000000 410.935944 183.341476 478.506882 247.152292 -1.000000 -1.000000 -1.000000 -1.000000 -1.000000 -1.000000 -1.000000 -1.000000 
48 2 Car -1 2 -1.000000 420.390733 183.161417 488.809887 247.927600 -1.000000 -1.000000 -1.000000 -1.000000 -1.000000 -1.000000 -1.000000 -1.000000 
49 2 Car -1 2 -1.000000 430.145385 182.976517 499.389320 248.725619 -1.000000 -1.000000 -1.000000 -1.000000 -1.000000 -1.000000 -1.000000 -1.000000 
50 2 Car -1 2 -1.000000 440.213640 182.786566 510.257032 249.547379 -1.000000 -1.000000 -1.000000 -1.000000 -1.000000 -1.000000 -1.000000 -1.000000 
