0 1 Car -1 1 -1.000000 286.774175 187.137438 528.068877 292.622053 -1.000000 -1.000000 -1.000000 -1.000000 -1.000000 -1.000000 -1.000000 -1.000000 
1 1 Car -1 1 -1.000000 219.983253 185.967433 482.672032 299.422647 -1.000000 -1.000000 -1.000000 -1.000000 -1.000000 -1.000000 -1.000000 -1.000000 
2 1 Car -1 1 -1.000000 138.484875 187.613833 430.840292 312.545739 -1.000000 -1.000000 -1.000000 -1.000000 -1.000000 -1.000000 -1.000000 -1.000000 
3 1 Car -1 1 -1.000000 46.859805 186.646599 377.159052 324.270324 -1.000000 -1.000000 -1.000000 -1.000000 -1.000000 -1.000000 -1.000000 -1.000000 
8 2 Car -1 1 -1.000000 1076.892872 176.881032 1212.950047 219.434075 -1.000000 -1.000000 -1.000000 -1.000000 -1.000000 -1.000000 -1.000000 -1.000000 
9 2 Car -1 1 -1.000000 1047.271692 177.232095 1179.652598 218.772863 -1.000000 -1.000000 -1.000000 -1.000000 -1.000000 -1.000000 -1.000000 -1.000000 
10 2 Car -1 1 -1.000000 1017.101488 176.539981 1144.342372 216.943162 -1.000000 -1.000000 -1.000000 -1.000000 -1.000000 -1.000000 -1.000000 -1.000000 
11 2 Car -1 1 -1.000000 989.242852 176.841603 1111.987428 216.160415 -1.000000 -1.000000 -1.000000 -1.000000 -1.000000 -1.000000 -1.000000 -1.000000 
12 2 Car -1 1 -1.000000 962.872929 177.128520 1081.212172 215.418400 -1.000000 -1.000000 -1.000000 -1.000000 -1.000000 -1.000000 -1.000000 -1.000000 
13 2 Car -1 1 -1.000000 939.190026 176.516704 1053.272990 213.790806 -1.000000 -1.000000 -1.000000 -1.000000 -1.000000 -1.000000 -1.000000 -1.000000 
14 2 Car -1 2 -1.000000 916.691893 175.934322 1026.651483 212.245438 -1.000000 -1.000000 -1.000000 -1.000000 -1.000000 -1.000000 -1.000000 -1.000000 
15 2 Car -1 2 -1.000000 895.569150 175.629918 1001.367512 210.998722 -1.000000 -1.000000 -1.000000 -1.000000 -1.000000 -1.000000 -1.000000 -1.000000 
16 2 Car -1 1 -1.000000 875.551117 175.340312 977.230398 209.813817 -1.000000 -1.000000 -1.000000 -1.000000 -1.000000 -1.000000 -1.000000 -1.000000 
17 2 Car -1 1 -1.000000 856.626075 175.058316 954.060830 208.616743 -1.000000 -1.000000 -1.000000 -1.000000 -1.000000 -1.000000 -1.000000 -1.000000 
18 2 Car -1 1 -1.000000 838.704128 174.790445 931.973770 207.480567 -1.000000 -1.000000 -1.000000 -1.000000 -1.000000 -1.000000 -1.000000 -1.000000 
19 2 Car -1 1 -1.000000 823.522623 174.535475 912.893091 206.422373 -1.000000 -1.000000 -1.000000 -1.000000 -1.000000 -1.000000 -1.000000 -1.000000 
20 2 Car -1 1 -1.000000 809.093077 174.292453 894.635365 205.414121 -1.000000 -1.000000 -1.000000 -1.000000 -1.000000 -1.000000 -1.000000 -1.000000 
21 2 Car -1 1 -1.000000 795.361914 174.060609 877.147840 204.452401 -1.000000 -1.000000 -1.000000 -1.000000 -1.000000 -1.000000 -1.000000 -1.000000 
22 2 Car -1 1 -1.000000 782.173677 174.044576 860.531022 203.674749 -1.000000 -1.000000 -1.000000 -1.000000 -1.000000 -1.000000 -1.000000 -1.000000 
23 2 Car -1 0 -1.000000 769.608129 174.029430 844.688596 202.935122 -1.000000 -1.000000 -1.000000 -1.000000 -1.000000 -1.000000 -1.000000 -1.000000 
24 2 Car -1 0 -1.000000 757.622416 174.015109 829.567449 202.230801 -1.000000 -1.000000 -1.000000 -1.000000 -1.000000 -1.000000 -1.000000 -1.000000 
25 2 Car -1 0 -1.000000 747.381028 173.999698 816.323970 201.523519 -1.000000 -1.000000 -1.000000 -1.000000 -1.000000 -1.000000 -1.000000 -1.000000 
26 2 Car -1 0 -1.000000 737.614078 173.985123 803.686057 200.850107 -1.000000 -1.000000 -1.000000 -1.000000 -1.000000 -1.000000 -1.000000 -1.000000 
27 2 Car -1 0 -1.000000 728.289557 173.971327 791.612905 200.208193 -1.000000 -1.000000 -1.000000 -1.000000 -1.000000 -1.000000 -1.000000 -1.000000 
28 2 Car -1 0 -1.000000 720.653183 173.958243 780.474849 199.585413 -1.000000 -1.000000 -1.000000 -1.000000 -1.000000 -1.000000 -1.000000 -1.000000 
29 2 Car -1 0 -1.000000 713.402715 173.946433 769.773676 198.990177 -1.000000 -1.000000 -1.000000 -1.000000 -1.000000 -1.000000 -1.000000 -1.000000 
42 3 Car -1 0 -1.000000 858.030065 190.832574 1185.492791 375.656040 -1.000000 -1.000000 -1.000000 -1.000000 -1.000000 -1.000000 -1.000000 -1.000000 
43 3 Car -1 0 -1.000000 835.753765 189.385558 1111.162966 350.381227 -1.000000 -1.000000 -1.000000 -1.000000 -1.000000 -1.000000 -1.000000 -1.000000 
44 3 Car -1 0 -1.000000 816.422044 188.139205 1052.046191 330.424339 -1.000000 -1.000000 -1.000000 -1.000000 -1.000000 -1.000000 -1.000000 -1.000000 
45 3 Car -1 0 -1.000000 799.915194 187.073758 1004.831781 314.515362 -1.000000 -1.000000 -1.000000 -1.000000 -1.000000 -1.000000 -1.000000 -1.000000 
46 3 Car -1 0 -1.000000 785.656252 186.152493 966.253828 301.536126 -1.000000 -1.000000 -1.000000 -1.000000 -1.000000 -1.000000 -1.000000 -1.000000 
47 3 Car -1 0 -1.000000 773.362875 185.668253 934.791280 290.984823 -1.000000 -1.000000 -1.000000 -1.000000 -1.000000 -1.000000 -1.000000 -1.000000 
48 3 Car -1 0 -1.000000 762.568448 185.243092 908.305134 282.102218 -1.000000 -1.000000 -1.000000 -1.000000 -1.000000 -1.000000 -1.000000 -1.000000 
48 8 Car -1 0 -1.000000 973.743035 183.133197 1192.065254 283.678866 -1.000000 -1.000000 -1.000000 -1.000000 -1.000000 -1.000000 -1.000000 -1.000000 
49 3 Car -1 0 -1.000000 751.686380 184.161523 882.997648 272.933957 -1.000000 -1.000000 -1.000000 -1.000000 -1.000000 -1.000000 -1.000000 -1.000000 
49 8 Car -1 0 -1.000000 951.114573 182.528978 1145.051725 274.887130 -1.000000 -1.000000 -1.000000 -1.000000 -1.000000 -1.000000 -1.000000 -1.000000 
50 3 Car -1 0 -1.000000 742.096970 183.208469 861.456121 265.130133 -1.000000 -1.000000 -1.000000 -1.000000 -1.000000 -1.000000 -1.000000 -1.000000 
50 8 Car -1 0 -1.000000 931.129681 181.994800 1104.930669 267.394290 -1.000000 -1.000000 -1.000000 -1.000000 -1.000000 -1.000000 -1.000000 -1.000000 
51 3 Car -1 0 -1.000000 733.582813 182.362309 842.898147 258.407254 -1.000000 -1.000000 -1.000000 -1.000000 -1.000000 -1.000000 -1.000000 -1.000000 
51 8 Car -1 0 -1.000000 912.210230 181.503016 1069.071637 260.747128 -1.000000 -1.000000 -1.000000 -1.000000 -1.000000 -1.000000 -1.000000 -1.000000 
52 3 Car -1 0 -1.000000 726.177633 183.162590 826.567840 254.156002 -1.000000 -1.000000 -1.000000 -1.000000 -1.000000 -1.000000 -1.000000 -1.000000 
52 8 Car -1 0 -1.000000 895.319931 181.063942 1037.941803 254.977277 -1.000000 -1.000000 -1.000000 -1.000000 -1.000000 -1.000000 -1.000000 -1.000000 
53 3 Car -1 0 -1.000000 718.199931 182.364845 810.418378 248.424519 -1.000000 -1.000000 -1.000000 -1.000000 -1.000000 -1.000000 -1.000000 -1.000000 
53 8 Car -1 0 -1.000000 880.148953 180.669536 1010.663494 249.921806 -1.000000 -1.000000 -1.000000 -1.000000 -1.000000 -1.000000 -1.000000 -1.000000 
54 3 Car -1 0 -1.000000 711.064808 181.651359 796.300764 243.414331 -1.000000 -1.000000 -1.000000 -1.000000 -1.000000 -1.000000 -1.000000 -1.000000 
54 8 Car -1 0 -1.000000 866.275261 180.279745 986.873487 245.417366 -1.000000 -1.000000 -1.000000 -1.000000 -1.000000 -1.000000 -1.000000 -1.000000 
55 3 Car -1 0 -1.000000 704.843962 180.994447 783.942186 238.872688 -1.000000 -1.000000 -1.000000 -1.000000 -1.000000 -1.000000 -1.000000 -1.000000 
55 8 Car -1 0 -1.000000 853.693492 179.889193 965.738424 241.412491 -1.000000 -1.000000 -1.000000 -1.000000 -1.000000 -1.000000 -1.000000 -1.000000 
56 3 Car -1 0 -1.000000 699.234113 180.369133 773.002798 234.852734 -1.000000 -1.000000 -1.000000 -1.000000 -1.000000 -1.000000 -1.000000 -1.000000 
56 8 Car -1 0 -1.000000 840.076219 179.532140 944.225992 237.782581 -1.000000 -1.000000 -1.000000 -1.000000 -1.000000 -1.000000 -1.000000 -1.000000 
57 3 Car -1 0 -1.000000 694.001289 179.940922 762.664073 231.318384 -1.000000 -1.000000 -1.000000 -1.000000 -1.000000 -1.000000 -1.000000 -1.000000 
57 8 Car -1 0 -1.000000 830.035098 179.186602 927.373816 234.303669 -1.000000 -1.000000 -1.000000 -1.000000 -1.000000 -1.000000 -1.000000 -1.000000 
58 3 Car -1 0 -1.000000 689.258657 179.558728 753.437140 228.165158 -1.000000 -1.000000 -1.000000 -1.000000 -1.000000 -1.000000 -1.000000 -1.000000 
58 8 Car -1 0 -1.000000 819.345156 178.906159 910.181845 231.223853 -1.000000 -1.000000 -1.000000 -1.000000 -1.000000 -1.000000 -1.000000 -1.000000 
59 3 Car -1 0 -1.000000 684.940421 179.215513 745.151812 225.334564 -1.000000 -1.000000 -1.000000 -1.000000 -1.000000 -1.000000 -1.000000 -1.000000 
59 8 Car -1 0 -1.000000 809.549155 178.652808 894.651748 228.441653 -1.000000 -1.000000 -1.000000 -1.000000 -1.000000 -1.000000 -1.000000 -1.000000 
60 3 Car -1 0 -1.000000 680.840761 178.886488 737.332218 222.630824 -1.000000 -1.000000 -1.000000 -1.000000 -1.000000 -1.000000 -1.000000 -1.000000 
60 8 Car -1 0 -1.000000 800.280367 178.418210 880.182993 225.867437 -1.000000 -1.000000 -1.000000 -1.000000 -1.000000 -1.000000 -1.000000 -1.000000 
60 9 Car -1 2 -1.000000 965.695234 181.779364 1231.229805 287.921470 -1.000000 -1.000000 -1.000000 -1.000000 -1.000000 -1.000000 -1.000000 -1.000000 
61 3 Car -1 0 -1.000000 677.096538 178.589587 730.276503 220.191820 -1.000000 -1.000000 -1.000000 -1.000000 -1.000000 -1.000000 -1.000000 -1.000000 
61 8 Car -1 0 -1.000000 791.740094 178.204657 867.012807 223.524200 -1.000000 -1.000000 -1.000000 -1.000000 -1.000000 -1.000000 -1.000000 -1.000000 
61 9 Car -1 2 -1.000000 940.530849 181.818951 1178.844738 279.281007 -1.000000 -1.000000 -1.000000 -1.000000 -1.000000 -1.000000 -1.000000 -1.000000 
62 3 Car -1 0 -1.000000 672.974951 178.469091 723.302712 218.007682 -1.000000 -1.000000 -1.000000 -1.000000 -1.000000 -1.000000 -1.000000 -1.000000 
62 4 Car -1 0 -1.000000 833.571784 197.980347 1237.345076 425.903123 -1.000000 -1.000000 -1.000000 -1.000000 -1.000000 -1.000000 -1.000000 -1.000000 
62 8 Car -1 0 -1.000000 783.845698 178.009438 854.973872 221.382190 -1.000000 -1.000000 -1.000000 -1.000000 -1.000000 -1.000000 -1.000000 -1.000000 
62 9 Car -1 2 -1.000000 918.213614 181.854181 1134.471455 271.935664 -1.000000 -1.000000 -1.000000 -1.000000 -1.000000 -1.000000 -1.000000 -1.000000 
63 3 Car -1 0 -1.000000 669.202145 178.360005 716.989121 216.029900 -1.000000 -1.000000 -1.000000 -1.000000 -1.000000 -1.000000 -1.000000 -1.000000 
63 4 Car -1 0 -1.000000 811.947758 195.652194 1146.001135 389.427408 -1.000000 -1.000000 -1.000000 -1.000000 -1.000000 -1.000000 -1.000000 -1.000000 
63 8 Car -1 0 -1.000000 776.066567 177.799866 843.106101 219.199384 -1.000000 -1.000000 -1.000000 -1.000000 -1.000000 -1.000000 -1.000000 -1.000000 
63 9 Car -1 2 -1.000000 896.400716 181.838497 1092.809697 265.062230 -1.000000 -1.000000 -1.000000 -1.000000 -1.000000 -1.000000 -1.000000 -1.000000 
64 3 Car -1 0 -1.000000 665.557949 178.118687 710.972934 214.027976 -1.000000 -1.000000 -1.000000 -1.000000 -1.000000 -1.000000 -1.000000 -1.000000 
64 4 Car -1 0 -1.000000 793.859211 193.703667 1077.442699 362.104597 -1.000000 -1.000000 -1.000000 -1.000000 -1.000000 -1.000000 -1.000000 -1.000000 
64 8 Car -1 0 -1.000000 768.889656 177.608518 832.270716 217.206465 -1.000000 -1.000000 -1.000000 -1.000000 -1.000000 -1.000000 -1.000000 -1.000000 
64 9 Car -1 2 -1.000000 880.859028 181.114418 1058.197895 258.276637 -1.000000 -1.000000 -1.000000 -1.000000 -1.000000 -1.000000 -1.000000 -1.000000 
65 3 Car -1 0 -1.000000 662.207813 177.898946 705.494527 212.204714 -1.000000 -1.000000 -1.000000 -1.000000 -1.000000 -1.000000 -1.000000 -1.000000 
65 4 Car -1 0 -1.000000 777.279943 191.943016 1020.483217 339.604256 -1.000000 -1.000000 -1.000000 -1.000000 -1.000000 -1.000000 -1.000000 -1.000000 
65 8 Car -1 1 -1.000000 762.247645 177.433114 822.338614 215.379688 -1.000000 -1.000000 -1.000000 -1.000000 -1.000000 -1.000000 -1.000000 -1.000000 
65 9 Car -1 2 -1.000000 866.938157 180.316848 1028.039234 252.384739 -1.000000 -1.000000 -1.000000 -1.000000 -1.000000 -1.000000 -1.000000 -1.000000 
66 3 Car -1 0 -1.000000 659.117548 177.698011 700.484851 210.537220 -1.000000 -1.000000 -1.000000 -1.000000 -1.000000 -1.000000 -1.000000 -1.000000 
66 4 Car -1 0 -1.000000 763.164539 190.443362 975.500029 321.857927 -1.000000 -1.000000 -1.000000 -1.000000 -1.000000 -1.000000 -1.000000 -1.000000 
66 8 Car -1 1 -1.000000 754.959033 177.260045 811.826771 213.607017 -1.000000 -1.000000 -1.000000 -1.000000 -1.000000 -1.000000 -1.000000 -1.000000 
66 9 Car -1 2 -1.000000 851.718683 179.844147 997.350723 246.896017 -1.000000 -1.000000 -1.000000 -1.000000 -1.000000 -1.000000 -1.000000 -1.000000 
67 3 Car -1 0 -1.000000 656.116725 177.533945 695.599145 208.960040 -1.000000 -1.000000 -1.000000 -1.000000 -1.000000 -1.000000 -1.000000 -1.000000 
67 4 Car -1 0 -1.000000 750.742260 189.091499 936.850395 306.873535 -1.000000 -1.000000 -1.000000 -1.000000 -1.000000 -1.000000 -1.000000 -1.000000 
67 8 Car -1 1 -1.000000 748.201862 177.100964 802.164801 211.977683 -1.000000 -1.000000 -1.000000 -1.000000 -1.000000 -1.000000 -1.000000 -1.000000 
67 9 Car -1 2 -1.000000 838.104443 179.431962 970.591165 242.120858 -1.000000 -1.000000 -1.000000 -1.000000 -1.000000 -1.000000 -1.000000 -1.000000 
68 3 Car -1 0 -1.000000 653.342247 177.383418 691.116572 207.512919 -1.000000 -1.000000 -1.000000 -1.000000 -1.000000 -1.000000 -1.000000 -1.000000 
68 4 Car -1 0 -1.000000 739.997269 187.920435 905.138594 294.608273 -1.000000 -1.000000 -1.000000 -1.000000 -1.000000 -1.000000 -1.000000 -1.000000 
68 8 Car -1 1 -1.000000 741.572135 176.795410 793.191516 210.288801 -1.000000 -1.000000 -1.000000 -1.000000 -1.000000 -1.000000 -1.000000 -1.000000 
68 9 Car -1 2 -1.000000 825.854317 179.069376 947.051267 237.928607 -1.000000 -1.000000 -1.000000 -1.000000 -1.000000 -1.000000 -1.000000 -1.000000 
69 3 Car -1 0 -1.000000 650.769447 177.244821 686.989201 206.180406 -1.000000 -1.000000 -1.000000 -1.000000 -1.000000 -1.000000 -1.000000 -1.000000 
69 4 Car -1 0 -1.000000 730.267410 186.886621 878.088964 284.297628 -1.000000 -1.000000 -1.000000 -1.000000 -1.000000 -1.000000 -1.000000 -1.000000 
69 8 Car -1 1 -1.000000 735.937219 176.511155 785.471827 208.713208 -1.000000 -1.000000 -1.000000 -1.000000 -1.000000 -1.000000 -1.000000 -1.000000 
69 9 Car -1 2 -1.000000 814.079544 178.622521 925.613233 233.941904 -1.000000 -1.000000 -1.000000 -1.000000 -1.000000 -1.000000 -1.000000 -1.000000 
70 3 Car -1 0 -1.000000 648.183144 177.008826 682.915327 204.800506 -1.000000 -1.000000 -1.000000 -1.000000 -1.000000 -1.000000 -1.000000 -1.000000 
70 4 Car -1 0 -1.000000 721.730645 185.930964 854.670241 275.153299 -1.000000 -1.000000 -1.000000 -1.000000 -1.000000 -1.000000 -1.000000 -1.000000 
70 8 Car -1 2 -1.000000 730.683893 176.248103 778.326307 207.254328 -1.000000 -1.000000 -1.000000 -1.000000 -1.000000 -1.000000 -1.000000 -1.000000 
70 9 Car -1 1 -1.000000 803.420308 178.225966 906.590127 230.407162 -1.000000 -1.000000 -1.000000 -1.000000 -1.000000 -1.000000 -1.000000 -1.000000 
71 3 Car -1 0 -1.000000 645.778373 176.790774 679.151143 203.525467 -1.000000 -1.000000 -1.000000 -1.000000 -1.000000 -1.000000 -1.000000 -1.000000 
71 4 Car -1 0 -1.000000 714.205480 185.087678 834.740509 267.382624 -1.000000 -1.000000 -1.000000 -1.000000 -1.000000 -1.000000 -1.000000 -1.000000 
71 8 Car -1 2 -1.000000 725.030932 175.994426 770.772131 205.817988 -1.000000 -1.000000 -1.000000 -1.000000 -1.000000 -1.000000 -1.000000 -1.000000 
71 9 Car -1 1 -1.000000 793.645020 177.848123 889.118965 227.030101 -1.000000 -1.000000 -1.000000 -1.000000 -1.000000 -1.000000 -1.000000 -1.000000 
72 3 Car -1 0 -1.000000 643.707814 176.598458 675.553666 202.323518 -1.000000 -1.000000 -1.000000 -1.000000 -1.000000 -1.000000 -1.000000 -1.000000 
72 4 Car -1 0 -1.000000 707.302254 184.511605 817.472803 260.704752 -1.000000 -1.000000 -1.000000 -1.000000 -1.000000 -1.000000 -1.000000 -1.000000 
72 8 Car -1 2 -1.000000 719.759098 175.759458 763.773443 204.486930 -1.000000 -1.000000 -1.000000 -1.000000 -1.000000 -1.000000 -1.000000 -1.000000 
72 9 Car -1 1 -1.000000 784.773266 177.511068 873.535024 224.019891 -1.000000 -1.000000 -1.000000 -1.000000 -1.000000 -1.000000 -1.000000 -1.000000 
73 4 Car -1 0 -1.000000 700.345058 183.977682 801.311512 254.746063 -1.000000 -1.000000 -1.000000 -1.000000 -1.000000 -1.000000 -1.000000 -1.000000 
73 8 Car -1 2 -1.000000 714.700757 175.585172 756.407990 203.272045 -1.000000 -1.000000 -1.000000 -1.000000 -1.000000 -1.000000 -1.000000 -1.000000 
73 9 Car -1 1 -1.000000 775.945067 177.179915 858.263518 221.063238 -1.000000 -1.000000 -1.000000 -1.000000 -1.000000 -1.000000 -1.000000 -1.000000 
74 4 Car -1 0 -1.000000 694.131406 183.500701 787.246516 249.562309 -1.000000 -1.000000 -1.000000 -1.000000 -1.000000 -1.000000 -1.000000 -1.000000 
74 8 Car -1 2 -1.000000 709.969918 175.422979 749.552678 202.142110 -1.000000 -1.000000 -1.000000 -1.000000 -1.000000 -1.000000 -1.000000 -1.000000 
74 9 Car -1 1 -1.000000 767.625370 176.969671 844.709973 218.672861 -1.000000 -1.000000 -1.000000 -1.000000 -1.000000 -1.000000 -1.000000 -1.000000 
75 4 Car -1 0 -1.000000 689.198227 183.042367 775.429917 244.799698 -1.000000 -1.000000 -1.000000 -1.000000 -1.000000 -1.000000 -1.000000 -1.000000 
75 8 Car -1 2 -1.000000 705.535805 175.271666 743.156246 201.088515 -1.000000 -1.000000 -1.000000 -1.000000 -1.000000 -1.000000 -1.000000 -1.000000 
75 9 Car -1 1 -1.000000 759.404456 176.762361 831.556621 216.377117 -1.000000 -1.000000 -1.000000 -1.000000 -1.000000 -1.000000 -1.000000 -1.000000 
76 4 Car -1 0 -1.000000 684.761377 182.630058 765.025847 240.607719 -1.000000 -1.000000 -1.000000 -1.000000 -1.000000 -1.000000 -1.000000 -1.000000 
76 5 Car -1 0 -1.000000 829.634747 185.766837 1239.345461 404.245149 -1.000000 -1.000000 -1.000000 -1.000000 -1.000000 -1.000000 -1.000000 -1.000000 
76 9 Car -1 1 -1.000000 751.869458 176.574744 819.653350 214.300212 -1.000000 -1.000000 -1.000000 -1.000000 -1.000000 -1.000000 -1.000000 -1.000000 
77 4 Car -1 0 -1.000000 679.938366 182.015743 754.687975 236.508763 -1.000000 -1.000000 -1.000000 -1.000000 -1.000000 -1.000000 -1.000000 -1.000000 
77 5 Car -1 0 -1.000000 810.149127 184.658789 1151.942253 372.361603 -1.000000 -1.000000 -1.000000 -1.000000 -1.000000 -1.000000 -1.000000 -1.000000 
77 9 Car -1 1 -1.000000 745.514294 176.406558 809.513121 212.432331 -1.000000 -1.000000 -1.000000 -1.000000 -1.000000 -1.000000 -1.000000 -1.000000 
78 4 Car -1 0 -1.000000 675.568648 181.459050 745.484154 232.860492 -1.000000 -1.000000 -1.000000 -1.000000 -1.000000 -1.000000 -1.000000 -1.000000 
78 5 Car -1 0 -1.000000 792.108654 183.649974 1079.938400 346.507409 -1.000000 -1.000000 -1.000000 -1.000000 -1.000000 -1.000000 -1.000000 -1.000000 
78 9 Car -1 1 -1.000000 739.643687 176.252819 800.244320 210.725410 -1.000000 -1.000000 -1.000000 -1.000000 -1.000000 -1.000000 -1.000000 -1.000000 
79 4 Car -1 0 -1.000000 671.591185 180.952236 737.237482 229.592449 -1.000000 -1.000000 -1.000000 -1.000000 -1.000000 -1.000000 -1.000000 -1.000000 
79 5 Car -1 0 -1.000000 776.806701 182.793563 1024.298527 326.571213 -1.000000 -1.000000 -1.000000 -1.000000 -1.000000 -1.000000 -1.000000 -1.000000 
79 9 Car -1 0 -1.000000 734.204256 176.111744 791.739238 209.159502 -1.000000 -1.000000 -1.000000 -1.000000 -1.000000 -1.000000 -1.000000 -1.000000 
80 4 Car -1 0 -1.000000 667.681019 180.692493 729.417147 226.828571 -1.000000 -1.000000 -1.000000 -1.000000 -1.000000 -1.000000 -1.000000 -1.000000 
80 5 Car -1 0 -1.000000 763.192139 182.214953 978.154254 310.248042 -1.000000 -1.000000 -1.000000 -1.000000 -1.000000 -1.000000 -1.000000 -1.000000 
80 9 Car -1 0 -1.000000 729.150182 175.981828 783.907217 207.717828 -1.000000 -1.000000 -1.000000 -1.000000 -1.000000 -1.000000 -1.000000 -1.000000 
81 4 Car -1 0 -1.000000 664.100011 180.430534 722.349428 224.331207 -1.000000 -1.000000 -1.000000 -1.000000 -1.000000 -1.000000 -1.000000 -1.000000 
81 5 Car -1 0 -1.000000 751.455611 181.715834 940.928791 297.097893 -1.000000 -1.000000 -1.000000 -1.000000 -1.000000 -1.000000 -1.000000 -1.000000 
81 9 Car -1 0 -1.000000 724.184027 175.857551 776.329828 206.349590 -1.000000 -1.000000 -1.000000 -1.000000 -1.000000 -1.000000 -1.000000 -1.000000 
81 10 Truck -1 1 -1.000000 839.983200 39.821840 1205.494866 282.961376 -1.000000 -1.000000 -1.000000 -1.000000 -1.000000 -1.000000 -1.000000 -1.000000 
82 4 Car -1 0 -1.000000 660.808276 180.182783 715.930669 222.063584 -1.000000 -1.000000 -1.000000 -1.000000 -1.000000 -1.000000 -1.000000 -1.000000 
82 5 Car -1 0 -1.000000 741.233596 181.280879 910.264254 286.277530 -1.000000 -1.000000 -1.000000 -1.000000 -1.000000 -1.000000 -1.000000 -1.000000 
82 9 Car -1 1 -1.000000 719.554932 175.742619 769.322361 205.084507 -1.000000 -1.000000 -1.000000 -1.000000 -1.000000 -1.000000 -1.000000 -1.000000 
82 10 Truck -1 1 -1.000000 827.773581 50.590361 1155.333854 273.841862 -1.000000 -1.000000 -1.000000 -1.000000 -1.000000 -1.000000 -1.000000 -1.000000 
83 4 Car -1 0 -1.000000 657.714822 179.945832 709.940232 219.930447 -1.000000 -1.000000 -1.000000 -1.000000 -1.000000 -1.000000 -1.000000 -1.000000 
83 5 Car -1 0 -1.000000 731.645127 180.418222 882.492047 275.846103 -1.000000 -1.000000 -1.000000 -1.000000 -1.000000 -1.000000 -1.000000 -1.000000 
83 9 Car -1 1 -1.000000 715.229713 175.636015 762.822847 203.911336 -1.000000 -1.000000 -1.000000 -1.000000 -1.000000 -1.000000 -1.000000 -1.000000 
83 10 Truck -1 1 -1.000000 816.691647 59.736528 1112.752326 266.107387 -1.000000 -1.000000 -1.000000 -1.000000 -1.000000 -1.000000 -1.000000 -1.000000 
84 4 Car -1 0 -1.000000 654.859133 179.729357 704.467710 217.982051 -1.000000 -1.000000 -1.000000 -1.000000 -1.000000 -1.000000 -1.000000 -1.000000 
84 5 Car -1 0 -1.000000 723.251915 179.501123 859.242039 267.120653 -1.000000 -1.000000 -1.000000 -1.000000 -1.000000 -1.000000 -1.000000 -1.000000 
84 9 Car -1 2 -1.000000 710.424337 175.473340 755.051547 202.622520 -1.000000 -1.000000 -1.000000 -1.000000 -1.000000 -1.000000 -1.000000 -1.000000 
84 10 Truck -1 1 -1.000000 806.054229 68.068525 1074.092338 259.066441 -1.000000 -1.000000 -1.000000 -1.000000 -1.000000 -1.000000 -1.000000 -1.000000 
85 4 Car -1 0 -1.000000 652.214811 179.530813 699.448721 216.195393 -1.000000 -1.000000 -1.000000 -1.000000 -1.000000 -1.000000 -1.000000 -1.000000 
85 5 Car -1 0 -1.000000 715.843580 178.721954 839.492850 259.714316 -1.000000 -1.000000 -1.000000 -1.000000 -1.000000 -1.000000 -1.000000 -1.000000 
85 9 Car -1 2 -1.000000 705.956766 175.323026 747.867230 201.432454 -1.000000 -1.000000 -1.000000 -1.000000 -1.000000 -1.000000 -1.000000 -1.000000 
85 10 Truck -1 1 -1.000000 796.369066 75.249044 1040.788760 253.005420 -1.000000 -1.000000 -1.000000 -1.000000 -1.000000 -1.000000 -1.000000 -1.000000 
85 13 Car -1 1 -1.000000 986.853278 179.340491 1083.906245 214.146293 -1.000000 -1.000000 -1.000000 -1.000000 -1.000000 -1.000000 -1.000000 -1.000000 
86 4 Car -1 0 -1.000000 649.759227 179.348060 694.829128 214.551137 -1.000000 -1.000000 -1.000000 -1.000000 -1.000000 -1.000000 -1.000000 -1.000000 
86 5 Car -1 0 -1.000000 708.782938 178.705388 821.564642 253.774329 -1.000000 -1.000000 -1.000000 -1.000000 -1.000000 -1.000000 -1.000000 -1.000000 
86 9 Car -1 2 -1.000000 701.792685 175.183720 741.205705 200.330210 -1.000000 -1.000000 -1.000000 -1.000000 -1.000000 -1.000000 -1.000000 -1.000000 
86 10 Truck -1 1 -1.000000 787.513771 81.501357 1011.800501 247.733062 -1.000000 -1.000000 -1.000000 -1.000000 -1.000000 -1.000000 -1.000000 -1.000000 
86 13 Car -1 1 -1.000000 974.647671 178.879571 1069.855570 213.228284 -1.000000 -1.000000 -1.000000 -1.000000 -1.000000 -1.000000 -1.000000 -1.000000 
87 4 Car -1 0 -1.000000 647.689589 179.112561 690.734688 212.911735 -1.000000 -1.000000 -1.000000 -1.000000 -1.000000 -1.000000 -1.000000 -1.000000 
87 5 Car -1 0 -1.000000 702.492769 178.691070 806.071588 248.643968 -1.000000 -1.000000 -1.000000 -1.000000 -1.000000 -1.000000 -1.000000 -1.000000 
87 10 Truck -1 1 -1.000000 778.663847 87.554285 983.906406 242.631343 -1.000000 -1.000000 -1.000000 -1.000000 -1.000000 -1.000000 -1.000000 -1.000000 
87 13 Car -1 1 -1.000000 962.737673 178.429812 1056.143168 212.333401 -1.000000 -1.000000 -1.000000 -1.000000 -1.000000 -1.000000 -1.000000 -1.000000 
88 4 Car -1 0 -1.000000 645.763211 178.895085 686.953741 211.398038 -1.000000 -1.000000 -1.000000 -1.000000 -1.000000 -1.000000 -1.000000 -1.000000 
88 5 Car -1 0 -1.000000 696.469666 178.642410 791.560616 243.776898 -1.000000 -1.000000 -1.000000 -1.000000 -1.000000 -1.000000 -1.000000 -1.000000 
88 10 Truck -1 1 -1.000000 770.582253 92.848066 959.518024 238.173255 -1.000000 -1.000000 -1.000000 -1.000000 -1.000000 -1.000000 -1.000000 -1.000000 
88 13 Car -1 2 -1.000000 951.112696 177.990816 1042.756942 211.460784 -1.000000 -1.000000 -1.000000 -1.000000 -1.000000 -1.000000 -1.000000 -1.000000 
89 4 Car -1 0 -1.000000 643.965717 178.693639 683.451612 209.996122 -1.000000 -1.000000 -1.000000 -1.000000 -1.000000 -1.000000 -1.000000 -1.000000 
89 5 Car -1 0 -1.000000 691.084421 178.599997 778.914153 239.537092 -1.000000 -1.000000 -1.000000 -1.000000 -1.000000 -1.000000 -1.000000 -1.000000 
89 10 Truck -1 1 -1.000000 763.173096 97.517088 938.013534 234.244225 -1.000000 -1.000000 -1.000000 -1.000000 -1.000000 -1.000000 -1.000000 -1.000000 
89 13 Car -1 2 -1.000000 939.762655 177.562203 1029.685372 210.609614 -1.000000 -1.000000 -1.000000 -1.000000 -1.000000 -1.000000 -1.000000 -1.000000 
90 4 Car -1 0 -1.000000 642.284590 178.506514 680.198555 208.694045 -1.000000 -1.000000 -1.000000 -1.000000 -1.000000 -1.000000 -1.000000 -1.000000 
90 5 Car -1 0 -1.000000 685.853637 178.131945 767.126327 235.234968 -1.000000 -1.000000 -1.000000 -1.000000 -1.000000 -1.000000 -1.000000 -1.000000 
90 10 Truck -1 0 -1.000000 755.897011 101.649426 918.288047 230.771663 -1.000000 -1.000000 -1.000000 -1.000000 -1.000000 -1.000000 -1.000000 -1.000000 
90 13 Car -1 2 -1.000000 928.677929 177.143610 1016.917469 209.779113 -1.000000 -1.000000 -1.000000 -1.000000 -1.000000 -1.000000 -1.000000 -1.000000 
91 4 Car -1 0 -1.000000 640.421779 178.324125 676.808997 207.436961 -1.000000 -1.000000 -1.000000 -1.000000 -1.000000 -1.000000 -1.000000 -1.000000 
91 5 Car -1 0 -1.000000 681.142463 177.719091 756.729746 231.441953 -1.000000 -1.000000 -1.000000 -1.000000 -1.000000 -1.000000 -1.000000 -1.000000 
91 10 Truck -1 0 -1.000000 749.177569 105.347353 900.639832 227.666034 -1.000000 -1.000000 -1.000000 -1.000000 -1.000000 -1.000000 -1.000000 -1.000000 
91 13 Car -1 2 -1.000000 919.785596 177.118508 1006.636763 209.408635 -1.000000 -1.000000 -1.000000 -1.000000 -1.000000 -1.000000 -1.000000 -1.000000 
92 4 Car -1 0 -1.000000 638.676094 178.154251 673.652126 206.266282 -1.000000 -1.000000 -1.000000 -1.000000 -1.000000 -1.000000 -1.000000 -1.000000 
92 5 Car -1 0 -1.000000 676.877138 177.352215 747.491835 228.072725 -1.000000 -1.000000 -1.000000 -1.000000 -1.000000 -1.000000 -1.000000 -1.000000 
92 10 Truck -1 0 -1.000000 742.953247 108.675948 884.757169 224.872098 -1.000000 -1.000000 -1.000000 -1.000000 -1.000000 -1.000000 -1.000000 -1.000000 
92 13 Car -1 2 -1.000000 911.066431 177.093917 996.565089 209.045906 -1.000000 -1.000000 -1.000000 -1.000000 -1.000000 -1.000000 -1.000000 -1.000000 
93 4 Car -1 0 -1.000000 637.004548 177.987238 670.626464 205.130081 -1.000000 -1.000000 -1.000000 -1.000000 -1.000000 -1.000000 -1.000000 -1.000000 
93 5 Car -1 0 -1.000000 672.810267 177.004807 738.782595 224.874826 -1.000000 -1.000000 -1.000000 -1.000000 -1.000000 -1.000000 -1.000000 -1.000000 
93 6 Car -1 0 -1.000000 813.974814 163.884124 1154.987307 372.271480 -1.000000 -1.000000 -1.000000 -1.000000 -1.000000 -1.000000 -1.000000 -1.000000 
93 10 Truck -1 1 -1.000000 737.076932 111.823893 869.957906 222.228674 -1.000000 -1.000000 -1.000000 -1.000000 -1.000000 -1.000000 -1.000000 -1.000000 
93 13 Car -1 2 -1.000000 902.515426 177.069821 986.696139 208.690685 -1.000000 -1.000000 -1.000000 -1.000000 -1.000000 -1.000000 -1.000000 -1.000000 
94 4 Car -1 0 -1.000000 635.435476 177.831338 667.802185 204.069593 -1.000000 -1.000000 -1.000000 -1.000000 -1.000000 -1.000000 -1.000000 -1.000000 
94 5 Car -1 0 -1.000000 669.115917 176.694251 730.997781 222.017126 -1.000000 -1.000000 -1.000000 -1.000000 -1.000000 -1.000000 -1.000000 -1.000000 
94 6 Car -1 0 -1.000000 796.331027 165.020467 1085.372569 347.232084 -1.000000 -1.000000 -1.000000 -1.000000 -1.000000 -1.000000 -1.000000 -1.000000 
94 10 Truck -1 1 -1.000000 731.621874 114.673578 856.562946 219.836831 -1.000000 -1.000000 -1.000000 -1.000000 -1.000000 -1.000000 -1.000000 -1.000000 
94 13 Car -1 2 -1.000000 894.127760 177.046205 977.023847 208.342742 -1.000000 -1.000000 -1.000000 -1.000000 -1.000000 -1.000000 -1.000000 -1.000000 
95 4 Car -1 0 -1.000000 633.959735 177.685476 665.159833 203.077494 -1.000000 -1.000000 -1.000000 -1.000000 -1.000000 -1.000000 -1.000000 -1.000000 
95 5 Car -1 0 -1.000000 665.745146 176.414977 723.997630 219.448081 -1.000000 -1.000000 -1.000000 -1.000000 -1.000000 -1.000000 -1.000000 -1.000000 
95 6 Car -1 0 -1.000000 781.274988 165.904226 1031.268022 327.780967 -1.000000 -1.000000 -1.000000 -1.000000 -1.000000 -1.000000 -1.000000 -1.000000 
95 10 Truck -1 1 -1.000000 726.544342 117.265475 844.381458 217.662285 -1.000000 -1.000000 -1.000000 -1.000000 -1.000000 -1.000000 -1.000000 -1.000000 
95 13 Car -1 2 -1.000000 885.898802 177.023056 967.542399 208.001856 -1.000000 -1.000000 -1.000000 -1.000000 -1.000000 -1.000000 -1.000000 -1.000000 
96 5 Car -1 0 -1.000000 662.475468 176.281058 717.217651 217.063025 -1.000000 -1.000000 -1.000000 -1.000000 -1.000000 -1.000000 -1.000000 -1.000000 
96 6 Car -1 0 -1.000000 767.431423 166.724150 984.396052 311.678322 -1.000000 -1.000000 -1.000000 -1.000000 -1.000000 -1.000000 -1.000000 -1.000000 
96 10 Truck -1 1 -1.000000 721.806458 119.633050 833.255691 215.676710 -1.000000 -1.000000 -1.000000 -1.000000 -1.000000 -1.000000 -1.000000 -1.000000 
96 13 Car -1 2 -1.000000 877.824087 177.000359 958.246198 207.667814 -1.000000 -1.000000 -1.000000 -1.000000 -1.000000 -1.000000 -1.000000 -1.000000 
97 5 Car -1 0 -1.000000 659.491406 176.160419 711.110364 214.915064 -1.000000 -1.000000 -1.000000 -1.000000 -1.000000 -1.000000 -1.000000 -1.000000 
97 6 Car -1 0 -1.000000 756.146653 167.403706 946.757016 298.241449 -1.000000 -1.000000 -1.000000 -1.000000 -1.000000 -1.000000 -1.000000 -1.000000 
97 10 Truck -1 1 -1.000000 717.354800 121.841205 822.950086 213.825636 -1.000000 -1.000000 -1.000000 -1.000000 -1.000000 -1.000000 -1.000000 -1.000000 
97 13 Car -1 2 -1.000000 869.899320 176.978101 949.129867 207.340411 -1.000000 -1.000000 -1.000000 -1.000000 -1.000000 -1.000000 -1.000000 -1.000000 
98 5 Car -1 0 -1.000000 656.757103 176.051178 705.580388 212.970517 -1.000000 -1.000000 -1.000000 -1.000000 -1.000000 -1.000000 -1.000000 -1.000000 
98 6 Car -1 0 -1.000000 746.310759 167.963774 915.747750 287.190893 -1.000000 -1.000000 -1.000000 -1.000000 -1.000000 -1.000000 -1.000000 -1.000000 
98 10 Truck -1 1 -1.000000 713.186897 123.870604 813.479793 212.124978 -1.000000 -1.000000 -1.000000 -1.000000 -1.000000 -1.000000 -1.000000 -1.000000 
98 13 Car -1 2 -1.000000 863.787786 176.714056 942.069098 206.822184 -1.000000 -1.000000 -1.000000 -1.000000 -1.000000 -1.000000 -1.000000 -1.000000 
99 5 Car -1 0 -1.000000 654.242461 175.951792 700.549557 211.201795 -1.000000 -1.000000 -1.000000 -1.000000 -1.000000 -1.000000 -1.000000 -1.000000 
99 6 Car -1 0 -1.000000 736.341522 168.443241 888.485354 277.497865 -1.000000 -1.000000 -1.000000 -1.000000 -1.000000 -1.000000 -1.000000 -1.000000 
99 10 Truck -1 1 -1.000000 709.276457 125.742110 804.747209 210.557117 -1.000000 -1.000000 -1.000000 -1.000000 -1.000000 -1.000000 -1.000000 -1.000000 
99 13 Car -1 1 -1.000000 857.768920 176.454172 935.119602 206.312349 -1.000000 -1.000000 -1.000000 -1.000000 -1.000000 -1.000000 -1.000000 -1.000000 
100 5 Car -1 0 -1.000000 651.409217 175.900550 695.282545 209.551054 -1.000000 -1.000000 -1.000000 -1.000000 -1.000000 -1.000000 -1.000000 -1.000000 
100 6 Car -1 0 -1.000000 727.556202 168.847412 865.510814 269.328405 -1.000000 -1.000000 -1.000000 -1.000000 -1.000000 -1.000000 -1.000000 -1.000000 
100 10 Truck -1 1 -1.000000 705.379876 127.511667 796.326484 209.091815 -1.000000 -1.000000 -1.000000 -1.000000 -1.000000 -1.000000 -1.000000 -1.000000 
100 13 Car -1 1 -1.000000 851.840633 176.198351 928.278769 205.810703 -1.000000 -1.000000 -1.000000 -1.000000 -1.000000 -1.000000 -1.000000 -1.000000 
101 5 Car -1 0 -1.000000 648.796624 175.853746 690.472018 208.043609 -1.000000 -1.000000 -1.000000 -1.000000 -1.000000 -1.000000 -1.000000 -1.000000 
101 6 Car -1 0 -1.000000 719.755766 169.192733 845.886213 262.349474 -1.000000 -1.000000 -1.000000 -1.000000 -1.000000 -1.000000 -1.000000 -1.000000 
101 10 Truck -1 1 -1.000000 701.713743 129.151421 788.524144 207.734372 -1.000000 -1.000000 -1.000000 -1.000000 -1.000000 -1.000000 -1.000000 -1.000000 
101 13 Car -1 1 -1.000000 846.967491 176.179001 922.511008 205.584111 -1.000000 -1.000000 -1.000000 -1.000000 -1.000000 -1.000000 -1.000000 -1.000000 
102 5 Car -1 0 -1.000000 646.400626 175.811244 686.075616 206.655392 -1.000000 -1.000000 -1.000000 -1.000000 -1.000000 -1.000000 -1.000000 -1.000000 
102 6 Car -1 0 -1.000000 712.421176 169.502626 828.127689 256.075297 -1.000000 -1.000000 -1.000000 -1.000000 -1.000000 -1.000000 -1.000000 -1.000000 
102 7 Car -1 0 -1.000000 838.490388 190.727517 1164.536641 374.441867 -1.000000 -1.000000 -1.000000 -1.000000 -1.000000 -1.000000 -1.000000 -1.000000 
102 10 Truck -1 1 -1.000000 698.258203 130.675147 781.274484 206.473303 -1.000000 -1.000000 -1.000000 -1.000000 -1.000000 -1.000000 -1.000000 -1.000000 
102 13 Car -1 1 -1.000000 842.166823 176.159947 916.815701 205.360602 -1.000000 -1.000000 -1.000000 -1.000000 -1.000000 -1.000000 -1.000000 -1.000000 
103 5 Car -1 0 -1.000000 643.879977 175.763741 681.632224 205.315529 -1.000000 -1.000000 -1.000000 -1.000000 -1.000000 -1.000000 -1.000000 -1.000000 
103 6 Car -1 0 -1.000000 705.854672 169.771660 812.713552 250.629167 -1.000000 -1.000000 -1.000000 -1.000000 -1.000000 -1.000000 -1.000000 -1.000000 
103 7 Car -1 0 -1.000000 817.388919 188.955600 1089.061848 346.942574 -1.000000 -1.000000 -1.000000 -1.000000 -1.000000 -1.000000 -1.000000 -1.000000 
103 10 Truck -1 1 -1.000000 694.995617 132.094740 774.520787 205.298696 -1.000000 -1.000000 -1.000000 -1.000000 -1.000000 -1.000000 -1.000000 -1.000000 
103 13 Car -1 1 -1.000000 837.437058 176.141185 911.191465 205.140114 -1.000000 -1.000000 -1.000000 -1.000000 -1.000000 -1.000000 -1.000000 -1.000000 
104 5 Car -1 0 -1.000000 641.543453 175.720051 677.545687 204.083424 -1.000000 -1.000000 -1.000000 -1.000000 -1.000000 -1.000000 -1.000000 -1.000000 
104 6 Car -1 0 -1.000000 699.913060 170.008623 798.826630 245.592935 -1.000000 -1.000000 -1.000000 -1.000000 -1.000000 -1.000000 -1.000000 -1.000000 
104 7 Car -1 0 -1.000000 797.912316 187.857718 1026.716644 325.246008 -1.000000 -1.000000 -1.000000 -1.000000 -1.000000 -1.000000 -1.000000 -1.000000 
104 10 Truck -1 1 -1.000000 691.743692 133.428942 767.993218 204.193625 -1.000000 -1.000000 -1.000000 -1.000000 -1.000000 -1.000000 -1.000000 -1.000000 
104 13 Car -1 1 -1.000000 832.776670 176.122709 905.636954 204.922586 -1.000000 -1.000000 -1.000000 -1.000000 -1.000000 -1.000000 -1.000000 -1.000000 
105 5 Car -1 0 -1.000000 639.492711 175.454666 673.905973 202.720005 -1.000000 -1.000000 -1.000000 -1.000000 -1.000000 -1.000000 -1.000000 -1.000000 
105 6 Car -1 0 -1.000000 694.563516 170.216616 786.639451 241.173129 -1.000000 -1.000000 -1.000000 -1.000000 -1.000000 -1.000000 -1.000000 -1.000000 
105 7 Car -1 0 -1.000000 781.637413 186.940316 978.466378 308.454466 -1.000000 -1.000000 -1.000000 -1.000000 -1.000000 -1.000000 -1.000000 -1.000000 
105 10 Truck -1 1 -1.000000 688.664913 134.677225 761.886412 203.159935 -1.000000 -1.000000 -1.000000 -1.000000 -1.000000 -1.000000 -1.000000 -1.000000 
105 13 Car -1 2 -1.000000 828.184177 176.104512 900.150862 204.707959 -1.000000 -1.000000 -1.000000 -1.000000 -1.000000 -1.000000 -1.000000 -1.000000 
106 5 Car -1 0 -1.000000 637.581709 175.209022 670.537106 201.458177 -1.000000 -1.000000 -1.000000 -1.000000 -1.000000 -1.000000 -1.000000 -1.000000 
106 6 Car -1 1 -1.000000 689.551199 170.431066 775.587367 237.416589 -1.000000 -1.000000 -1.000000 -1.000000 -1.000000 -1.000000 -1.000000 -1.000000 
106 7 Car -1 0 -1.000000 767.834696 186.162270 940.016638 295.073528 -1.000000 -1.000000 -1.000000 -1.000000 -1.000000 -1.000000 -1.000000 -1.000000 
106 10 Truck -1 1 -1.000000 685.745812 135.847630 756.160957 202.190924 -1.000000 -1.000000 -1.000000 -1.000000 -1.000000 -1.000000 -1.000000 -1.000000 
106 13 Car -1 2 -1.000000 823.658133 176.086590 894.731907 204.496175 -1.000000 -1.000000 -1.000000 -1.000000 -1.000000 -1.000000 -1.000000 -1.000000 
107 5 Car -1 0 -1.000000 635.796635 174.980995 667.409936 200.286991 -1.000000 -1.000000 -1.000000 -1.000000 -1.000000 -1.000000 -1.000000 -1.000000 
107 6 Car -1 1 -1.000000 684.735653 170.625933 765.097498 233.813727 -1.000000 -1.000000 -1.000000 -1.000000 -1.000000 -1.000000 -1.000000 -1.000000 
107 7 Car -1 0 -1.000000 755.944722 185.223604 909.050076 283.930029 -1.000000 -1.000000 -1.000000 -1.000000 -1.000000 -1.000000 -1.000000 -1.000000 
107 10 Truck -1 1 -1.000000 683.083309 136.992835 750.440765 201.240065 -1.000000 -1.000000 -1.000000 -1.000000 -1.000000 -1.000000 -1.000000 -1.000000 
107 11 Car -1 0 -1.000000 946.304574 182.252599 1209.690253 288.324123 -1.000000 -1.000000 -1.000000 -1.000000 -1.000000 -1.000000 -1.000000 -1.000000 
107 13 Car -1 2 -1.000000 820.767625 175.871607 891.189844 204.149906 -1.000000 -1.000000 -1.000000 -1.000000 -1.000000 -1.000000 -1.000000 -1.000000 
108 6 Car -1 1 -1.000000 680.598890 170.800214 756.033908 230.606590 -1.000000 -1.000000 -1.000000 -1.000000 -1.000000 -1.000000 -1.000000 -1.000000 
108 7 Car -1 0 -1.000000 744.994345 184.349617 881.692146 274.054545 -1.000000 -1.000000 -1.000000 -1.000000 -1.000000 -1.000000 -1.000000 -1.000000 
108 10 Truck -1 1 -1.000000 680.558358 138.068133 745.069969 200.347734 -1.000000 -1.000000 -1.000000 -1.000000 -1.000000 -1.000000 -1.000000 -1.000000 
108 11 Car -1 0 -1.000000 923.708810 181.599517 1155.031587 277.929215 -1.000000 -1.000000 -1.000000 -1.000000 -1.000000 -1.000000 -1.000000 -1.000000 
108 13 Car -1 2 -1.000000 817.907476 175.658457 887.673851 203.806682 -1.000000 -1.000000 -1.000000 -1.000000 -1.000000 -1.000000 -1.000000 -1.000000 
109 6 Car -1 1 -1.000000 676.817402 170.956838 747.889333 227.725255 -1.000000 -1.000000 -1.000000 -1.000000 -1.000000 -1.000000 -1.000000 -1.000000 
109 7 Car -1 0 -1.000000 735.464083 183.589164 858.799125 265.788186 -1.000000 -1.000000 -1.000000 -1.000000 -1.000000 -1.000000 -1.000000 -1.000000 
109 10 Truck -1 1 -1.000000 678.160576 139.079738 740.017498 199.508686 -1.000000 -1.000000 -1.000000 -1.000000 -1.000000 -1.000000 -1.000000 -1.000000 
109 11 Car -1 0 -1.000000 903.859892 181.025587 1109.315522 269.241643 -1.000000 -1.000000 -1.000000 -1.000000 -1.000000 -1.000000 -1.000000 -1.000000 
109 13 Car -1 1 -1.000000 815.077230 175.447120 884.183638 203.466466 -1.000000 -1.000000 -1.000000 -1.000000 -1.000000 -1.000000 -1.000000 -1.000000 
110 6 Car -1 1 -1.000000 672.955932 171.098844 739.905814 224.988085 -1.000000 -1.000000 -1.000000 -1.000000 -1.000000 -1.000000 -1.000000 -1.000000 
110 7 Car -1 0 -1.000000 727.190020 182.929946 839.591424 258.854100 -1.000000 -1.000000 -1.000000 -1.000000 -1.000000 -1.000000 -1.000000 -1.000000 
110 10 Truck -1 1 -1.000000 675.460460 140.101183 735.280169 198.748779 -1.000000 -1.000000 -1.000000 -1.000000 -1.000000 -1.000000 -1.000000 -1.000000 
110 11 Car -1 0 -1.000000 885.391815 180.455166 1068.549255 261.484674 -1.000000 -1.000000 -1.000000 -1.000000 -1.000000 -1.000000 -1.000000 -1.000000 
110 13 Car -1 1 -1.000000 812.276437 175.237574 880.718920 203.129220 -1.000000 -1.000000 -1.000000 -1.000000 -1.000000 -1.000000 -1.000000 -1.000000 
111 6 Car -1 1 -1.000000 669.479898 171.171072 732.606199 222.552875 -1.000000 -1.000000 -1.000000 -1.000000 -1.000000 -1.000000 -1.000000 -1.000000 
111 7 Car -1 0 -1.000000 719.388329 182.298958 821.947241 252.459460 -1.000000 -1.000000 -1.000000 -1.000000 -1.000000 -1.000000 -1.000000 -1.000000 
111 10 Truck -1 1 -1.000000 672.891610 141.064152 730.814189 198.032335 -1.000000 -1.000000 -1.000000 -1.000000 -1.000000 -1.000000 -1.000000 -1.000000 
111 11 Car -1 0 -1.000000 869.025807 179.838849 1033.791492 254.874778 -1.000000 -1.000000 -1.000000 -1.000000 -1.000000 -1.000000 -1.000000 -1.000000 
111 13 Car -1 1 -1.000000 809.838544 175.208874 877.869972 202.995339 -1.000000 -1.000000 -1.000000 -1.000000 -1.000000 -1.000000 -1.000000 -1.000000 
112 6 Car -1 1 -1.000000 666.271004 171.236911 725.952730 220.334298 -1.000000 -1.000000 -1.000000 -1.000000 -1.000000 -1.000000 -1.000000 -1.000000 
112 7 Car -1 0 -1.000000 712.479733 181.740292 806.738937 246.946610 -1.000000 -1.000000 -1.000000 -1.000000 -1.000000 -1.000000 -1.000000 -1.000000 
112 10 Truck -1 1 -1.000000 670.444688 141.973527 726.596885 197.355729 -1.000000 -1.000000 -1.000000 -1.000000 -1.000000 -1.000000 -1.000000 -1.000000 
112 11 Car -1 0 -1.000000 854.422304 179.307051 1003.805030 249.175035 -1.000000 -1.000000 -1.000000 -1.000000 -1.000000 -1.000000 -1.000000 -1.000000 
112 13 Car -1 1 -1.000000 807.417948 175.180383 875.041741 202.862460 -1.000000 -1.000000 -1.000000 -1.000000 -1.000000 -1.000000 -1.000000 -1.000000 
113 6 Car -1 1 -1.000000 663.233885 171.296486 719.708289 218.237735 -1.000000 -1.000000 -1.000000 -1.000000 -1.000000 -1.000000 -1.000000 -1.000000 
113 7 Car -1 0 -1.000000 705.939805 181.336829 792.837228 242.113714 -1.000000 -1.000000 -1.000000 -1.000000 -1.000000 -1.000000 -1.000000 -1.000000 
113 10 Truck -1 1 -1.000000 668.111220 142.833661 722.608041 196.715730 -1.000000 -1.000000 -1.000000 -1.000000 -1.000000 -1.000000 -1.000000 -1.000000 
113 11 Car -1 0 -1.000000 841.183775 178.833909 977.667269 244.120141 -1.000000 -1.000000 -1.000000 -1.000000 -1.000000 -1.000000 -1.000000 -1.000000 
113 13 Car -1 1 -1.000000 805.014465 175.152100 872.234003 202.730572 -1.000000 -1.000000 -1.000000 -1.000000 -1.000000 -1.000000 -1.000000 -1.000000 
114 6 Car -1 1 -1.000000 660.420175 171.351073 713.987086 216.317643 -1.000000 -1.000000 -1.000000 -1.000000 -1.000000 -1.000000 -1.000000 -1.000000 
114 7 Car -1 0 -1.000000 700.093710 180.976214 780.676000 237.885320 -1.000000 -1.000000 -1.000000 -1.000000 -1.000000 -1.000000 -1.000000 -1.000000 
114 10 Truck -1 1 -1.000000 666.211930 143.632959 719.184727 196.068262 -1.000000 -1.000000 -1.000000 -1.000000 -1.000000 -1.000000 -1.000000 -1.000000 
114 11 Car -1 0 -1.000000 829.254150 178.418944 954.745789 239.687147 -1.000000 -1.000000 -1.000000 -1.000000 -1.000000 -1.000000 -1.000000 -1.000000 
114 13 Car -1 1 -1.000000 802.627915 175.124022 869.446535 202.599664 -1.000000 -1.000000 -1.000000 -1.000000 -1.000000 -1.000000 -1.000000 -1.000000 
115 6 Car -1 1 -1.000000 657.806102 171.401274 708.725997 214.552641 -1.000000 -1.000000 -1.000000 -1.000000 -1.000000 -1.000000 -1.000000 -1.000000 
115 7 Car -1 0 -1.000000 694.836602 180.651967 769.947640 234.154686 -1.000000 -1.000000 -1.000000 -1.000000 -1.000000 -1.000000 -1.000000 -1.000000 
115 10 Truck -1 1 -1.000000 663.927557 144.411455 715.356323 195.435828 -1.000000 -1.000000 -1.000000 -1.000000 -1.000000 -1.000000 -1.000000 -1.000000 
115 11 Car -1 0 -1.000000 818.448469 178.052048 934.481329 235.767939 -1.000000 -1.000000 -1.000000 -1.000000 -1.000000 -1.000000 -1.000000 -1.000000 
115 13 Car -1 1 -1.000000 802.400151 175.107571 869.144775 202.568084 -1.000000 -1.000000 -1.000000 -1.000000 -1.000000 -1.000000 -1.000000 -1.000000 
116 6 Car -1 1 -1.000000 655.097386 171.524195 703.921044 213.001701 -1.000000 -1.000000 -1.000000 -1.000000 -1.000000 -1.000000 -1.000000 -1.000000 
116 7 Car -1 0 -1.000000 690.083746 180.336745 760.412990 230.838805 -1.000000 -1.000000 -1.000000 -1.000000 -1.000000 -1.000000 -1.000000 -1.000000 
116 10 Truck -1 1 -1.000000 661.746813 145.149179 711.728494 194.836497 -1.000000 -1.000000 -1.000000 -1.000000 -1.000000 -1.000000 -1.000000 -1.000000 
116 11 Car -1 0 -1.000000 808.153310 177.717318 915.762117 232.211984 -1.000000 -1.000000 -1.000000 -1.000000 -1.000000 -1.000000 -1.000000 -1.000000 
116 13 Car -1 2 -1.000000 802.172685 175.091138 868.843276 202.536538 -1.000000 -1.000000 -1.000000 -1.000000 -1.000000 -1.000000 -1.000000 -1.000000 
117 6 Car -1 1 -1.000000 652.567898 171.637941 699.474995 211.566516 -1.000000 -1.000000 -1.000000 -1.000000 -1.000000 -1.000000 -1.000000 -1.000000 
117 7 Car -1 0 -1.000000 685.270544 179.979747 751.254239 227.778400 -1.000000 -1.000000 -1.000000 -1.000000 -1.000000 -1.000000 -1.000000 -1.000000 
117 10 Truck -1 1 -1.000000 659.810419 145.871642 708.441781 194.276776 -1.000000 -1.000000 -1.000000 -1.000000 -1.000000 -1.000000 -1.000000 -1.000000 
117 11 Car -1 0 -1.000000 798.760338 177.417942 899.021110 229.031785 -1.000000 -1.000000 -1.000000 -1.000000 -1.000000 -1.000000 -1.000000 -1.000000 
117 13 Car -1 2 -1.000000 801.945517 175.074721 868.542038 202.505025 -1.000000 -1.000000 -1.000000 -1.000000 -1.000000 -1.000000 -1.000000 -1.000000 
118 6 Car -1 1 -1.000000 650.200429 171.743502 695.349073 210.234593 -1.000000 -1.000000 -1.000000 -1.000000 -1.000000 -1.000000 -1.000000 -1.000000 
118 7 Car -1 0 -1.000000 680.885207 179.659025 743.026634 225.028920 -1.000000 -1.000000 -1.000000 -1.000000 -1.000000 -1.000000 -1.000000 -1.000000 
118 10 Truck -1 1 -1.000000 657.958944 146.557781 705.320355 193.745183 -1.000000 -1.000000 -1.000000 -1.000000 -1.000000 -1.000000 -1.000000 -1.000000 
118 11 Car -1 0 -1.000000 790.155951 177.148600 883.960454 226.170773 -1.000000 -1.000000 -1.000000 -1.000000 -1.000000 -1.000000 -1.000000 -1.000000 
118 13 Car -1 2 -1.000000 801.718646 175.058322 868.241061 202.473545 -1.000000 -1.000000 -1.000000 -1.000000 -1.000000 -1.000000 -1.000000 -1.000000 
119 6 Car -1 1 -1.000000 647.936292 171.841435 691.405895 208.947570 -1.000000 -1.000000 -1.000000 -1.000000 -1.000000 -1.000000 -1.000000 -1.000000 
119 7 Car -1 0 -1.000000 676.837151 179.348894 735.401631 222.412478 -1.000000 -1.000000 -1.000000 -1.000000 -1.000000 -1.000000 -1.000000 -1.000000 
119 10 Truck -1 1 -1.000000 656.186929 147.210270 702.352049 193.239650 -1.000000 -1.000000 -1.000000 -1.000000 -1.000000 -1.000000 -1.000000 -1.000000 
119 11 Car -1 0 -1.000000 781.948524 176.901179 869.912555 223.538898 -1.000000 -1.000000 -1.000000 -1.000000 -1.000000 -1.000000 -1.000000 -1.000000 
119 13 Car -1 2 -1.000000 801.492072 175.041941 867.940344 202.442099 -1.000000 -1.000000 -1.000000 -1.000000 -1.000000 -1.000000 -1.000000 -1.000000 
120 6 Car -1 1 -1.000000 645.813155 171.932571 687.736565 207.749885 -1.000000 -1.000000 -1.000000 -1.000000 -1.000000 -1.000000 -1.000000 -1.000000 
120 7 Car -1 0 -1.000000 673.135878 179.068762 728.514525 220.049103 -1.000000 -1.000000 -1.000000 -1.000000 -1.000000 -1.000000 -1.000000 -1.000000 
120 10 Truck -1 1 -1.000000 654.510804 147.483143 699.314989 192.380541 -1.000000 -1.000000 -1.000000 -1.000000 -1.000000 -1.000000 -1.000000 -1.000000 
120 11 Car -1 0 -1.000000 774.387429 176.676689 857.167104 221.151038 -1.000000 -1.000000 -1.000000 -1.000000 -1.000000 -1.000000 -1.000000 -1.000000 
120 13 Car -1 2 -1.000000 801.265794 175.025576 867.639888 202.410686 -1.000000 -1.000000 -1.000000 -1.000000 -1.000000 -1.000000 -1.000000 -1.000000 
121 6 Car -1 1 -1.000000 644.004638 171.952847 684.303670 206.546387 -1.000000 -1.000000 -1.000000 -1.000000 -1.000000 -1.000000 -1.000000 -1.000000 
121 7 Car -1 0 -1.000000 669.738663 178.814475 722.263141 217.903773 -1.000000 -1.000000 -1.000000 -1.000000 -1.000000 -1.000000 -1.000000 -1.000000 
121 10 Truck -1 1 -1.000000 652.905554 147.742950 696.423449 191.562705 -1.000000 -1.000000 -1.000000 -1.000000 -1.000000 -1.000000 -1.000000 -1.000000 
121 11 Car -1 0 -1.000000 767.399220 176.472083 845.550983 218.974761 -1.000000 -1.000000 -1.000000 -1.000000 -1.000000 -1.000000 -1.000000 -1.000000 
121 13 Car -1 2 -1.000000 801.218671 175.045144 867.565548 202.431547 -1.000000 -1.000000 -1.000000 -1.000000 -1.000000 -1.000000 -1.000000 -1.000000 
122 6 Car -1 1 -1.000000 642.304010 171.971787 681.097098 205.422416 -1.000000 -1.000000 -1.000000 -1.000000 -1.000000 -1.000000 -1.000000 -1.000000 
122 7 Car -1 0 -1.000000 666.609521 178.582616 716.563336 215.947643 -1.000000 -1.000000 -1.000000 -1.000000 -1.000000 -1.000000 -1.000000 -1.000000 
122 10 Truck -1 1 -1.000000 651.366777 147.990607 693.667215 190.783239 -1.000000 -1.000000 -1.000000 -1.000000 -1.000000 -1.000000 -1.000000 -1.000000 
122 11 Car -1 0 -1.000000 760.273817 176.269546 833.940529 216.841051 -1.000000 -1.000000 -1.000000 -1.000000 -1.000000 -1.000000 -1.000000 -1.000000 
122 13 Car -1 1 -1.000000 801.171592 175.064715 867.491156 202.452407 -1.000000 -1.000000 -1.000000 -1.000000 -1.000000 -1.000000 -1.000000 -1.000000 
123 6 Car -1 1 -1.000000 640.701897 171.989519 678.095181 204.370340 -1.000000 -1.000000 -1.000000 -1.000000 -1.000000 -1.000000 -1.000000 -1.000000 
123 7 Car -1 0 -1.000000 663.717929 178.370343 711.345188 214.156741 -1.000000 -1.000000 -1.000000 -1.000000 -1.000000 -1.000000 -1.000000 -1.000000 
123 10 Truck -1 1 -1.000000 649.839476 148.566268 690.796586 190.358576 -1.000000 -1.000000 -1.000000 -1.000000 -1.000000 -1.000000 -1.000000 -1.000000 
123 11 Car -1 0 -1.000000 754.129312 176.263246 823.855370 215.174043 -1.000000 -1.000000 -1.000000 -1.000000 -1.000000 -1.000000 -1.000000 -1.000000 
123 13 Car -1 1 -1.000000 801.124557 175.084288 867.416710 202.473268 -1.000000 -1.000000 -1.000000 -1.000000 -1.000000 -1.000000 -1.000000 -1.000000 
124 6 Car -1 1 -1.000000 638.835756 172.148992 674.841886 203.484912 -1.000000 -1.000000 -1.000000 -1.000000 -1.000000 -1.000000 -1.000000 -1.000000 
124 7 Car -1 0 -1.000000 660.934387 178.082998 706.416039 212.403742 -1.000000 -1.000000 -1.000000 -1.000000 -1.000000 -1.000000 -1.000000 -1.000000 
124 10 Truck -1 1 -1.000000 648.374444 149.115689 688.056840 189.953392 -1.000000 -1.000000 -1.000000 -1.000000 -1.000000 -1.000000 -1.000000 -1.000000 
124 11 Car -1 0 -1.000000 748.405368 176.257440 814.561446 213.638138 -1.000000 -1.000000 -1.000000 -1.000000 -1.000000 -1.000000 -1.000000 -1.000000 
124 13 Car -1 1 -1.000000 801.077564 175.103864 867.342212 202.494127 -1.000000 -1.000000 -1.000000 -1.000000 -1.000000 -1.000000 -1.000000 -1.000000 
125 6 Car -1 1 -1.000000 637.075943 172.298516 671.791644 202.654862 -1.000000 -1.000000 -1.000000 -1.000000 -1.000000 -1.000000 -1.000000 -1.000000 
125 7 Car -1 0 -1.000000 658.349195 177.818254 701.874719 210.788619 -1.000000 -1.000000 -1.000000 -1.000000 -1.000000 -1.000000 -1.000000 -1.000000 
125 10 Truck -1 1 -1.000000 646.967952 149.640626 685.439224 189.566376 -1.000000 -1.000000 -1.000000 -1.000000 -1.000000 -1.000000 -1.000000 -1.000000 
125 11 Car -1 0 -1.000000 742.836589 176.249516 805.681585 212.197280 -1.000000 -1.000000 -1.000000 -1.000000 -1.000000 -1.000000 -1.000000 -1.000000 
125 13 Car -1 1 -1.000000 801.030616 175.123443 867.267661 202.514987 -1.000000 -1.000000 -1.000000 -1.000000 -1.000000 -1.000000 -1.000000 -1.000000 
126 6 Car -1 1 -1.000000 635.413623 172.438993 668.926019 201.875153 -1.000000 -1.000000 -1.000000 -1.000000 -1.000000 -1.000000 -1.000000 -1.000000 
126 7 Car -1 0 -1.000000 655.941885 177.573547 697.677186 209.295722 -1.000000 -1.000000 -1.000000 -1.000000 -1.000000 -1.000000 -1.000000 -1.000000 
126 10 Truck -1 1 -1.000000 645.616561 150.142679 682.935746 189.196333 -1.000000 -1.000000 -1.000000 -1.000000 -1.000000 -1.000000 -1.000000 -1.000000 
126 11 Car -1 0 -1.000000 737.629113 176.242175 797.455902 210.862808 -1.000000 -1.000000 -1.000000 -1.000000 -1.000000 -1.000000 -1.000000 -1.000000 
126 13 Car -1 1 -1.000000 800.983711 175.143024 867.193057 202.535846 -1.000000 -1.000000 -1.000000 -1.000000 -1.000000 -1.000000 -1.000000 -1.000000 
127 6 Car -1 1 -1.000000 633.840912 172.571221 666.228743 201.141340 -1.000000 -1.000000 -1.000000 -1.000000 -1.000000 -1.000000 -1.000000 -1.000000 
127 7 Car -1 0 -1.000000 653.851207 177.430141 694.008488 208.101637 -1.000000 -1.000000 -1.000000 -1.000000 -1.000000 -1.000000 -1.000000 -1.000000 
127 10 Truck -1 1 -1.000000 644.335588 150.639840 680.530349 188.827668 -1.000000 -1.000000 -1.000000 -1.000000 -1.000000 -1.000000 -1.000000 -1.000000 
127 11 Car -1 0 -1.000000 732.491343 175.994087 789.630307 209.356178 -1.000000 -1.000000 -1.000000 -1.000000 -1.000000 -1.000000 -1.000000 -1.000000 
127 13 Car -1 1 -1.000000 800.936849 175.162608 867.118400 202.556705 -1.000000 -1.000000 -1.000000 -1.000000 -1.000000 -1.000000 -1.000000 -1.000000 
128 6 Car -1 1 -1.000000 632.267856 172.399501 663.577086 200.136249 -1.000000 -1.000000 -1.000000 -1.000000 -1.000000 -1.000000 -1.000000 -1.000000 
128 7 Car -1 0 -1.000000 651.745607 177.273785 690.287122 206.856334 -1.000000 -1.000000 -1.000000 -1.000000 -1.000000 -1.000000 -1.000000 -1.000000 
128 10 Truck -1 1 -1.000000 643.104668 151.115477 678.229109 188.475055 -1.000000 -1.000000 -1.000000 -1.000000 -1.000000 -1.000000 -1.000000 -1.000000 
128 11 Car -1 0 -1.000000 727.672735 175.763385 782.353271 207.955150 -1.000000 -1.000000 -1.000000 -1.000000 -1.000000 -1.000000 -1.000000 -1.000000 
128 13 Car -1 1 -1.000000 800.890031 175.182194 867.043690 202.577563 -1.000000 -1.000000 -1.000000 -1.000000 -1.000000 -1.000000 -1.000000 -1.000000 
129 6 Car -1 1 -1.000000 630.776813 172.237489 661.075390 199.188104 -1.000000 -1.000000 -1.000000 -1.000000 -1.000000 -1.000000 -1.000000 -1.000000 
129 7 Car -1 0 -1.000000 649.772437 177.128132 686.820582 205.696404 -1.000000 -1.000000 -1.000000 -1.000000 -1.000000 -1.000000 -1.000000 -1.000000 
129 10 Truck -1 1 -1.000000 641.920927 151.570959 676.025402 188.137467 -1.000000 -1.000000 -1.000000 -1.000000 -1.000000 -1.000000 -1.000000 -1.000000 
129 11 Car -1 0 -1.000000 723.144449 175.548306 775.569063 206.648997 -1.000000 -1.000000 -1.000000 -1.000000 -1.000000 -1.000000 -1.000000 -1.000000 
129 12 Van -1 0 -1.000000 928.730750 137.525386 1223.883507 296.688479 -1.000000 -1.000000 -1.000000 -1.000000 -1.000000 -1.000000 -1.000000 -1.000000 
129 13 Car -1 1 -1.000000 800.843256 175.201783 866.968928 202.598421 -1.000000 -1.000000 -1.000000 -1.000000 -1.000000 -1.000000 -1.000000 -1.000000 
130 6 Car -1 1 -1.000000 629.361532 172.084383 658.711284 198.292200 -1.000000 -1.000000 -1.000000 -1.000000 -1.000000 -1.000000 -1.000000 -1.000000 
130 7 Car -1 0 -1.000000 647.647940 177.192282 683.275854 204.803938 -1.000000 -1.000000 -1.000000 -1.000000 -1.000000 -1.000000 -1.000000 -1.000000 
130 10 Truck -1 1 -1.000000 640.781706 152.007540 673.913152 187.813963 -1.000000 -1.000000 -1.000000 -1.000000 -1.000000 -1.000000 -1.000000 -1.000000 
130 11 Car -1 0 -1.000000 718.972519 175.824548 769.013468 205.879891 -1.000000 -1.000000 -1.000000 -1.000000 -1.000000 -1.000000 -1.000000 -1.000000 
130 12 Van -1 0 -1.000000 906.042703 140.954792 1163.024675 284.454047 -1.000000 -1.000000 -1.000000 -1.000000 -1.000000 -1.000000 -1.000000 -1.000000 
130 13 Car -1 1 -1.000000 800.796525 175.221375 866.894113 202.619278 -1.000000 -1.000000 -1.000000 -1.000000 -1.000000 -1.000000 -1.000000 -1.000000 
131 6 Car -1 1 -1.000000 628.539611 172.071278 656.727619 197.535116 -1.000000 -1.000000 -1.000000 -1.000000 -1.000000 -1.000000 -1.000000 -1.000000 
131 7 Car -1 0 -1.000000 645.650433 177.252281 679.960599 203.969309 -1.000000 -1.000000 -1.000000 -1.000000 -1.000000 -1.000000 -1.000000 -1.000000 
131 10 Truck -1 1 -1.000000 639.598550 152.430076 671.785569 187.500846 -1.000000 -1.000000 -1.000000 -1.000000 -1.000000 -1.000000 -1.000000 -1.000000 
131 11 Car -1 0 -1.000000 715.044128 176.082892 762.882732 205.160853 -1.000000 -1.000000 -1.000000 -1.000000 -1.000000 -1.000000 -1.000000 -1.000000 
131 12 Van -1 0 -1.000000 886.281782 143.770521 1113.076590 274.412220 -1.000000 -1.000000 -1.000000 -1.000000 -1.000000 -1.000000 -1.000000 -1.000000 
131 13 Car -1 1 -1.000000 800.506799 175.022047 866.552597 202.400938 -1.000000 -1.000000 -1.000000 -1.000000 -1.000000 -1.000000 -1.000000 -1.000000 
132 7 Car -1 0 -1.000000 643.768861 177.308520 676.853231 203.187073 -1.000000 -1.000000 -1.000000 -1.000000 -1.000000 -1.000000 -1.000000 -1.000000 
132 10 Truck -1 1 -1.000000 638.458656 152.835629 669.743511 187.200379 -1.000000 -1.000000 -1.000000 -1.000000 -1.000000 -1.000000 -1.000000 -1.000000 
132 11 Car -1 0 -1.000000 711.338558 176.325023 757.136846 204.487148 -1.000000 -1.000000 -1.000000 -1.000000 -1.000000 -1.000000 -1.000000 -1.000000 
132 12 Van -1 0 -1.000000 868.381360 146.182141 1070.159075 265.804582 -1.000000 -1.000000 -1.000000 -1.000000 -1.000000 -1.000000 -1.000000 -1.000000 
132 13 Car -1 1 -1.000000 800.217370 174.822937 866.211453 202.182840 -1.000000 -1.000000 -1.000000 -1.000000 -1.000000 -1.000000 -1.000000 -1.000000 
133 7 Car -1 0 -1.000000 642.080597 176.978255 673.998473 202.045002 -1.000000 -1.000000 -1.000000 -1.000000 -1.000000 -1.000000 -1.000000 -1.000000 
133 10 Truck -1 1 -1.000000 637.359695 153.225204 667.781920 186.911811 -1.000000 -1.000000 -1.000000 -1.000000 -1.000000 -1.000000 -1.000000 -1.000000 
133 11 Car -1 0 -1.000000 707.553828 176.005791 751.604261 203.283881 -1.000000 -1.000000 -1.000000 -1.000000 -1.000000 -1.000000 -1.000000 -1.000000 
133 12 Van -1 0 -1.000000 852.577206 148.219069 1033.920103 258.536131 -1.000000 -1.000000 -1.000000 -1.000000 -1.000000 -1.000000 -1.000000 -1.000000 
133 13 Car -1 1 -1.000000 799.928240 174.624042 865.870679 201.964983 -1.000000 -1.000000 -1.000000 -1.000000 -1.000000 -1.000000 -1.000000 -1.000000 
134 10 Truck -1 1 -1.000000 636.299503 153.599725 665.896129 186.634450 -1.000000 -1.000000 -1.000000 -1.000000 -1.000000 -1.000000 -1.000000 -1.000000 
134 11 Car -1 0 -1.000000 703.977279 175.705961 746.408006 202.153780 -1.000000 -1.000000 -1.000000 -1.000000 -1.000000 -1.000000 -1.000000 -1.000000 
134 12 Van -1 0 -1.000000 837.962035 150.110854 1001.487080 252.189524 -1.000000 -1.000000 -1.000000 -1.000000 -1.000000 -1.000000 -1.000000 -1.000000 
134 13 Car -1 1 -1.000000 799.639406 174.425364 865.530276 201.747367 -1.000000 -1.000000 -1.000000 -1.000000 -1.000000 -1.000000 -1.000000 -1.000000 
135 10 Truck -1 1 -1.000000 635.393185 154.045088 664.188727 186.284876 -1.000000 -1.000000 -1.000000 -1.000000 -1.000000 -1.000000 -1.000000 -1.000000 
135 11 Car -1 0 -1.000000 700.592196 175.423816 741.518318 201.090369 -1.000000 -1.000000 -1.000000 -1.000000 -1.000000 -1.000000 -1.000000 -1.000000 
135 12 Van -1 0 -1.000000 824.931341 151.740417 973.555746 246.725607 -1.000000 -1.000000 -1.000000 -1.000000 -1.000000 -1.000000 -1.000000 -1.000000 
135 13 Car -1 2 -1.000000 799.350869 174.226901 865.190243 201.529992 -1.000000 -1.000000 -1.000000 -1.000000 -1.000000 -1.000000 -1.000000 -1.000000 
136 10 Truck -1 1 -1.000000 634.525702 154.469535 662.561543 185.951746 -1.000000 -1.000000 -1.000000 -1.000000 -1.000000 -1.000000 -1.000000 -1.000000 
136 12 Van -1 0 -1.000000 813.240705 153.158745 949.249673 241.972204 -1.000000 -1.000000 -1.000000 -1.000000 -1.000000 -1.000000 -1.000000 -1.000000 
136 13 Car -1 2 -1.000000 799.478666 174.254283 865.382592 201.563364 -1.000000 -1.000000 -1.000000 -1.000000 -1.000000 -1.000000 -1.000000 -1.000000 
137 10 Truck -1 1 -1.000000 633.694611 154.874507 661.009054 185.633927 -1.000000 -1.000000 -1.000000 -1.000000 -1.000000 -1.000000 -1.000000 -1.000000 
137 12 Van -1 0 -1.000000 802.693526 154.404410 927.906080 237.799188 -1.000000 -1.000000 -1.000000 -1.000000 -1.000000 -1.000000 -1.000000 -1.000000 
137 13 Car -1 2 -1.000000 799.606642 174.281675 865.574889 201.596748 -1.000000 -1.000000 -1.000000 -1.000000 -1.000000 -1.000000 -1.000000 -1.000000 
138 10 Truck -1 1 -1.000000 632.897668 155.261313 659.526232 185.330386 -1.000000 -1.000000 -1.000000 -1.000000 -1.000000 -1.000000 -1.000000 -1.000000 
138 12 Van -1 0 -1.000000 793.129863 155.507132 909.014464 234.106376 -1.000000 -1.000000 -1.000000 -1.000000 -1.000000 -1.000000 -1.000000 -1.000000 
138 13 Car -1 2 -1.000000 799.734795 174.309078 865.767134 201.630144 -1.000000 -1.000000 -1.000000 -1.000000 -1.000000 -1.000000 -1.000000 -1.000000 
139 10 Truck -1 1 -1.000000 632.132810 155.631150 658.108491 185.040183 -1.000000 -1.000000 -1.000000 -1.000000 -1.000000 -1.000000 -1.000000 -1.000000 
139 12 Van -1 0 -1.000000 783.885431 156.529094 891.243209 230.658662 -1.000000 -1.000000 -1.000000 -1.000000 -1.000000 -1.000000 -1.000000 -1.000000 
139 13 Car -1 2 -1.000000 799.863126 174.336491 865.959326 201.663551 -1.000000 -1.000000 -1.000000 -1.000000 -1.000000 -1.000000 -1.000000 -1.000000 
140 12 Van -1 0 -1.000000 775.464377 157.441300 875.382433 227.582159 -1.000000 -1.000000 -1.000000 -1.000000 -1.000000 -1.000000 -1.000000 -1.000000 
140 13 Car -1 2 -1.000000 799.991636 174.363915 866.151466 201.696971 -1.000000 -1.000000 -1.000000 -1.000000 -1.000000 -1.000000 -1.000000 -1.000000 
141 12 Van -1 0 -1.000000 767.721135 158.136631 861.128972 224.722342 -1.000000 -1.000000 -1.000000 -1.000000 -1.000000 -1.000000 -1.000000 -1.000000 
141 13 Car -1 2 -1.000000 800.120325 174.391349 866.343554 201.730402 -1.000000 -1.000000 -1.000000 -1.000000 -1.000000 -1.000000 -1.000000 -1.000000 
142 12 Van -1 0 -1.000000 760.606600 158.765006 848.249281 222.138539 -1.000000 -1.000000 -1.000000 -1.000000 -1.000000 -1.000000 -1.000000 -1.000000 
142 13 Car -1 2 -1.000000 800.249193 174.418794 866.535589 201.763844 -1.000000 -1.000000 -1.000000 -1.000000 -1.000000 -1.000000 -1.000000 -1.000000 
143 12 Van -1 0 -1.000000 754.047189 159.335651 836.553881 219.792631 -1.000000 -1.000000 -1.000000 -1.000000 -1.000000 -1.000000 -1.000000 -1.000000 
143 13 Car -1 2 -1.000000 800.378240 174.446250 866.727570 201.797298 -1.000000 -1.000000 -1.000000 -1.000000 -1.000000 -1.000000 -1.000000 -1.000000 
144 12 Van -1 0 -1.000000 747.919223 159.923371 825.643387 217.637164 -1.000000 -1.000000 -1.000000 -1.000000 -1.000000 -1.000000 -1.000000 -1.000000 
144 13 Car -1 1 -1.000000 800.507466 174.473716 866.919499 201.830764 -1.000000 -1.000000 -1.000000 -1.000000 -1.000000 -1.000000 -1.000000 -1.000000 
145 12 Van -1 0 -1.000000 741.887285 160.475328 815.160667 215.609956 -1.000000 -1.000000 -1.000000 -1.000000 -1.000000 -1.000000 -1.000000 -1.000000 
145 13 Car -1 1 -1.000000 800.636873 174.501193 867.111375 201.864242 -1.000000 -1.000000 -1.000000 -1.000000 -1.000000 -1.000000 -1.000000 -1.000000 
146 12 Van -1 0 -1.000000 736.301609 160.980160 805.573606 213.756285 -1.000000 -1.000000 -1.000000 -1.000000 -1.000000 -1.000000 -1.000000 -1.000000 
146 13 Car -1 1 -1.000000 800.289107 174.720972 866.671038 202.074952 -1.000000 -1.000000 -1.000000 -1.000000 -1.000000 -1.000000 -1.000000 -1.000000 
147 12 Van -1 0 -1.000000 731.114438 161.443657 796.772117 212.054783 -1.000000 -1.000000 -1.000000 -1.000000 -1.000000 -1.000000 -1.000000 -1.000000 
147 13 Car -1 1 -1.000000 799.941831 174.940555 866.230984 202.285444 -1.000000 -1.000000 -1.000000 -1.000000 -1.000000 -1.000000 -1.000000 -1.000000 
148 12 Van -1 0 -1.000000 726.284595 161.870694 788.663446 210.487451 -1.000000 -1.000000 -1.000000 -1.000000 -1.000000 -1.000000 -1.000000 -1.000000 
148 13 Car -1 1 -1.000000 799.595043 175.159943 865.791213 202.495718 -1.000000 -1.000000 -1.000000 -1.000000 -1.000000 -1.000000 -1.000000 -1.000000 
149 12 Van -1 0 -1.000000 721.776386 162.265411 781.168886 209.039021 -1.000000 -1.000000 -1.000000 -1.000000 -1.000000 -1.000000 -1.000000 -1.000000 
149 13 Car -1 1 -1.000000 799.248742 175.379134 865.351725 202.705775 -1.000000 -1.000000 -1.000000 -1.000000 -1.000000 -1.000000 -1.000000 -1.000000 
150 12 Van -1 0 -1.000000 717.389864 162.627116 774.056533 207.713355 -1.000000 -1.000000 -1.000000 -1.000000 -1.000000 -1.000000 -1.000000 -1.000000 
150 13 Car -1 1 -1.000000 798.902928 175.598130 864.912520 202.915614 -1.000000 -1.000000 -1.000000 -1.000000 -1.000000 -1.000000 -1.000000 -1.000000 
151 12 Van -1 0 -1.000000 713.273920 162.963675 767.438935 206.480051 -1.000000 -1.000000 -1.000000 -1.000000 -1.000000 -1.000000 -1.000000 -1.000000 
151 13 Car -1 1 -1.000000 798.058212 175.283777 863.894663 202.559807 -1.000000 -1.000000 -1.000000 -1.000000 -1.000000 -1.000000 -1.000000 -1.000000 
152 12 Van -1 0 -1.000000 709.404267 163.277623 761.266203 205.329780 -1.000000 -1.000000 -1.000000 -1.000000 -1.000000 -1.000000 -1.000000 -1.000000 
152 13 Car -1 1 -1.000000 797.215797 174.970203 862.879212 202.204930 -1.000000 -1.000000 -1.000000 -1.000000 -1.000000 -1.000000 -1.000000 -1.000000 
153 12 Van -1 0 -1.000000 705.759442 163.571164 755.494936 204.254432 -1.000000 -1.000000 -1.000000 -1.000000 -1.000000 -1.000000 -1.000000 -1.000000 
153 13 Car -1 1 -1.000000 796.375673 174.657404 861.866158 201.850979 -1.000000 -1.000000 -1.000000 -1.000000 -1.000000 -1.000000 -1.000000 -1.000000 
154 12 Van -1 0 -1.000000 702.301112 163.904228 750.142945 203.275405 -1.000000 -1.000000 -1.000000 -1.000000 -1.000000 -1.000000 -1.000000 -1.000000 
154 13 Car -1 1 -1.000000 795.537831 174.345379 860.855494 201.497953 -1.000000 -1.000000 -1.000000 -1.000000 -1.000000 -1.000000 -1.000000 -1.000000 
155 12 Van -1 0 -1.000000 699.036799 164.216487 745.125433 202.357530 -1.000000 -1.000000 -1.000000 -1.000000 -1.000000 -1.000000 -1.000000 -1.000000 
155 13 Car -1 1 -1.000000 794.702261 174.034124 859.847210 201.145846 -1.000000 -1.000000 -1.000000 -1.000000 -1.000000 -1.000000 -1.000000 -1.000000 
156 12 Van -1 0 -1.000000 695.950623 164.509831 740.411991 201.495251 -1.000000 -1.000000 -1.000000 -1.000000 -1.000000 -1.000000 -1.000000 -1.000000 
156 13 Car -1 1 -1.000000 792.749521 174.362724 857.600691 201.389283 -1.000000 -1.000000 -1.000000 -1.000000 -1.000000 -1.000000 -1.000000 -1.000000 
157 12 Van -1 0 -1.000000 693.028394 164.785929 735.975791 200.683666 -1.000000 -1.000000 -1.000000 -1.000000 -1.000000 -1.000000 -1.000000 -1.000000 
157 13 Car -1 0 -1.000000 790.808776 174.689144 855.369033 201.631090 -1.000000 -1.000000 -1.000000 -1.000000 -1.000000 -1.000000 -1.000000 -1.000000 
158 12 Van -1 0 -1.000000 690.257387 165.046259 731.793065 199.918431 -1.000000 -1.000000 -1.000000 -1.000000 -1.000000 -1.000000 -1.000000 -1.000000 
158 13 Car -1 0 -1.000000 788.879918 175.013406 853.152089 201.871283 -1.000000 -1.000000 -1.000000 -1.000000 -1.000000 -1.000000 -1.000000 -1.000000 
159 12 Van -1 0 -1.000000 687.403934 165.291161 727.606700 199.201710 -1.000000 -1.000000 -1.000000 -1.000000 -1.000000 -1.000000 -1.000000 -1.000000 
159 13 Car -1 0 -1.000000 786.962837 175.335532 850.949715 202.109878 -1.000000 -1.000000 -1.000000 -1.000000 -1.000000 -1.000000 -1.000000 -1.000000 
160 12 Van -1 0 -1.000000 684.689888 165.522924 723.645015 198.523439 -1.000000 -1.000000 -1.000000 -1.000000 -1.000000 -1.000000 -1.000000 -1.000000 
160 13 Car -1 0 -1.000000 785.057426 175.655541 848.761767 202.346890 -1.000000 -1.000000 -1.000000 -1.000000 -1.000000 -1.000000 -1.000000 -1.000000 
161 12 Van -1 0 -1.000000 682.105277 165.742579 719.890393 197.880603 -1.000000 -1.000000 -1.000000 -1.000000 -1.000000 -1.000000 -1.000000 -1.000000 
161 13 Car -1 0 -1.000000 782.014338 175.471977 845.254167 202.018844 -1.000000 -1.000000 -1.000000 -1.000000 -1.000000 -1.000000 -1.000000 -1.000000 
162 12 Van -1 0 -1.000000 679.641060 165.951051 716.327012 197.270498 -1.000000 -1.000000 -1.000000 -1.000000 -1.000000 -1.000000 -1.000000 -1.000000 
162 13 Car -1 0 -1.000000 779.000722 175.290315 841.782872 201.694237 -1.000000 -1.000000 -1.000000 -1.000000 -1.000000 -1.000000 -1.000000 -1.000000 
163 12 Van -1 0 -1.000000 677.289018 166.149171 712.940622 196.690684 -1.000000 -1.000000 -1.000000 -1.000000 -1.000000 -1.000000 -1.000000 -1.000000 
163 13 Car -1 0 -1.000000 776.016152 175.110526 838.347321 201.373015 -1.000000 -1.000000 -1.000000 -1.000000 -1.000000 -1.000000 -1.000000 -1.000000 
164 12 Van -1 0 -1.000000 675.041663 166.337693 709.718352 196.138961 -1.000000 -1.000000 -1.000000 -1.000000 -1.000000 -1.000000 -1.000000 -1.000000 
164 13 Car -1 0 -1.000000 773.060210 174.932581 834.946966 201.055126 -1.000000 -1.000000 -1.000000 -1.000000 -1.000000 -1.000000 -1.000000 -1.000000 
165 12 Van -1 0 -1.000000 672.892161 166.517298 706.648555 195.613335 -1.000000 -1.000000 -1.000000 -1.000000 -1.000000 -1.000000 -1.000000 -1.000000 
165 13 Car -1 0 -1.000000 770.132488 174.756452 831.581266 200.740518 -1.000000 -1.000000 -1.000000 -1.000000 -1.000000 -1.000000 -1.000000 -1.000000 
166 12 Van -1 0 -1.000000 670.834256 166.688603 703.720653 195.111998 -1.000000 -1.000000 -1.000000 -1.000000 -1.000000 -1.000000 -1.000000 -1.000000 
166 13 Car -1 0 -1.000000 766.865132 174.851398 827.380000 200.677943 -1.000000 -1.000000 -1.000000 -1.000000 -1.000000 -1.000000 -1.000000 -1.000000 
167 12 Van -1 0 -1.000000 668.862219 166.852172 700.925032 194.633305 -1.000000 -1.000000 -1.000000 -1.000000 -1.000000 -1.000000 -1.000000 -1.000000 
167 13 Car -1 0 -1.000000 763.647255 174.945356 823.219300 200.615950 -1.000000 -1.000000 -1.000000 -1.000000 -1.000000 -1.000000 -1.000000 -1.000000 
168 12 Van -1 0 -1.000000 666.970786 167.008516 698.252920 194.175754 -1.000000 -1.000000 -1.000000 -1.000000 -1.000000 -1.000000 -1.000000 -1.000000 
168 13 Car -1 0 -1.000000 760.477788 175.038342 819.098594 200.554530 -1.000000 -1.000000 -1.000000 -1.000000 -1.000000 -1.000000 -1.000000 -1.000000 
169 12 Van -1 0 -1.000000 665.126363 167.108447 695.522740 193.657065 -1.000000 -1.000000 -1.000000 -1.000000 -1.000000 -1.000000 -1.000000 -1.000000 
169 13 Car -1 0 -1.000000 757.355690 175.130368 815.017327 200.493671 -1.000000 -1.000000 -1.000000 -1.000000 -1.000000 -1.000000 -1.000000 -1.000000 
170 12 Van -1 0 -1.000000 663.358250 167.203938 692.913925 193.161488 -1.000000 -1.000000 -1.000000 -1.000000 -1.000000 -1.000000 -1.000000 -1.000000 
170 13 Car -1 0 -1.000000 753.591625 175.027537 810.124389 200.180518 -1.000000 -1.000000 -1.000000 -1.000000 -1.000000 -1.000000 -1.000000 -1.000000 
171 12 Van -1 0 -1.000000 661.661808 167.295277 690.418558 192.687512 -1.000000 -1.000000 -1.000000 -1.000000 -1.000000 -1.000000 -1.000000 -1.000000 
189 14 Van -1 0 -1.000000 479.384978 171.233384 505.125552 196.584535 -1.000000 -1.000000 -1.000000 -1.000000 -1.000000 -1.000000 -1.000000 -1.000000 
190 14 Van -1 0 -1.000000 477.754350 172.070000 503.948773 197.805474 -1.000000 -1.000000 -1.000000 -1.000000 -1.000000 -1.000000 -1.000000 -1.000000 
191 14 Van -1 0 -1.000000 474.579722 172.385336 501.572324 198.518039 -1.000000 -1.000000 -1.000000 -1.000000 -1.000000 -1.000000 -1.000000 -1.000000 
192 14 Van -1 0 -1.000000 471.306245 172.710551 499.127173 199.252825 -1.000000 -1.000000 -1.000000 -1.000000 -1.000000 -1.000000 -1.000000 -1.000000 
193 14 Van -1 0 -1.000000 467.929225 173.046115 496.610298 200.010889 -1.000000 -1.000000 -1.000000 -1.000000 -1.000000 -1.000000 -1.000000 -1.000000 
194 14 Van -1 0 -1.000000 464.443670 173.392530 494.018499 200.793354 -1.000000 -1.000000 -1.000000 -1.000000 -1.000000 -1.000000 -1.000000 -1.000000 
195 14 Van -1 0 -1.000000 460.844260 173.750331 491.348381 201.601416 -1.000000 -1.000000 -1.000000 -1.000000 -1.000000 -1.000000 -1.000000 -1.000000 
196 14 Van -1 0 -1.000000 456.732321 174.843924 488.202221 203.155072 -1.000000 -1.000000 -1.000000 -1.000000 -1.000000 -1.000000 -1.000000 -1.000000 
197 14 Van -1 0 -1.000000 452.483621 175.974054 484.959686 204.760467 -1.000000 -1.000000 -1.000000 -1.000000 -1.000000 -1.000000 -1.000000 -1.000000 
198 14 Van -1 0 -1.000000 448.091219 177.142581 481.616281 206.420226 -1.000000 -1.000000 -1.000000 -1.000000 -1.000000 -1.000000 -1.000000 -1.000000 
199 14 Van -1 0 -1.000000 443.019010 176.881564 477.693820 206.671529 -1.000000 -1.000000 -1.000000 -1.000000 -1.000000 -1.000000 -1.000000 -1.000000 
200 14 Van -1 0 -1.000000 437.766236 176.611217 473.643345 206.931779 -1.000000 -1.000000 -1.000000 -1.000000 -1.000000 -1.000000 -1.000000 -1.000000 
201 14 Van -1 0 -1.000000 432.323082 176.331030 469.458487 207.201462 -1.000000 -1.000000 -1.000000 -1.000000 -1.000000 -1.000000 -1.000000 -1.000000 
202 14 Van -1 0 -1.000000 426.679002 176.040458 465.132445 207.481100 -1.000000 -1.000000 -1.000000 -1.000000 -1.000000 -1.000000 -1.000000 -1.000000 
203 14 Van -1 0 -1.000000 422.532612 175.008481 462.248954 207.075612 -1.000000 -1.000000 -1.000000 -1.000000 -1.000000 -1.000000 -1.000000 -1.000000 
204 14 Van -1 0 -1.000000 418.217309 173.934277 459.258444 206.653567 -1.000000 -1.000000 -1.000000 -1.000000 -1.000000 -1.000000 -1.000000 -1.000000 
205 14 Van -1 0 -1.000000 413.722551 172.815203 456.154848 206.213934 -1.000000 -1.000000 -1.000000 -1.000000 -1.000000 -1.000000 -1.000000 -1.000000 
206 14 Van -1 0 -1.000000 410.382630 172.081583 454.327828 206.142877 -1.000000 -1.000000 -1.000000 -1.000000 -1.000000 -1.000000 -1.000000 -1.000000 
207 14 Van -1 0 -1.000000 406.908708 171.317979 452.432735 206.068881 -1.000000 -1.000000 -1.000000 -1.000000 -1.000000 -1.000000 -1.000000 -1.000000 
208 14 Van -1 0 -1.000000 403.292526 170.522519 450.465720 205.991765 -1.000000 -1.000000 -1.000000 -1.000000 -1.000000 -1.000000 -1.000000 -1.000000 
209 14 Van -1 0 -1.000000 402.632123 170.316480 450.429587 206.520633 -1.000000 -1.000000 -1.000000 -1.000000 -1.000000 -1.000000 -1.000000 -1.000000 
210 14 Van -1 0 -1.000000 401.944279 170.101813 450.391627 207.071919 -1.000000 -1.000000 -1.000000 -1.000000 -1.000000 -1.000000 -1.000000 -1.000000 
211 14 Van -1 0 -1.000000 401.227209 169.877965 450.351740 207.647081 -1.000000 -1.000000 -1.000000 -1.000000 -1.000000 -1.000000 -1.000000 -1.000000 
212 14 Van -1 0 -1.000000 403.043614 170.275724 452.908698 208.789653 -1.000000 -1.000000 -1.000000 -1.000000 -1.000000 -1.000000 -1.000000 -1.000000 
213 14 Van -1 0 -1.000000 409.374283 170.622205 459.515569 209.923631 -1.000000 -1.000000 -1.000000 -1.000000 -1.000000 -1.000000 -1.000000 -1.000000 
214 14 Van -1 0 -1.000000 412.691314 170.986852 467.042721 211.205030 -1.000000 -1.000000 -1.000000 -1.000000 -1.000000 -1.000000 -1.000000 -1.000000 
215 14 Van -1 0 -1.000000 420.982430 171.357816 476.033962 212.340631 -1.000000 -1.000000 -1.000000 -1.000000 -1.000000 -1.000000 -1.000000 -1.000000 
216 14 Van -1 0 -1.000000 432.085657 170.134121 487.750062 211.956500 -1.000000 -1.000000 -1.000000 -1.000000 -1.000000 -1.000000 -1.000000 -1.000000 
217 14 Van -1 0 -1.000000 443.653731 168.858210 499.905144 211.556110 -1.000000 -1.000000 -1.000000 -1.000000 -1.000000 -1.000000 -1.000000 -1.000000 
218 14 Van -1 0 -1.000000 459.066198 167.434722 516.344059 211.079601 -1.000000 -1.000000 -1.000000 -1.000000 -1.000000 -1.000000 -1.000000 -1.000000 
219 14 Van -1 0 -1.000000 475.180207 165.944774 533.454247 210.580742 -1.000000 -1.000000 -1.000000 -1.000000 -1.000000 -1.000000 -1.000000 -1.000000 
220 14 Van -1 0 -1.000000 492.042435 164.383726 551.279591 210.058062 -1.000000 -1.000000 -1.000000 -1.000000 -1.000000 -1.000000 -1.000000 -1.000000 
221 14 Van -1 0 -1.000000 512.314662 162.959962 573.278534 209.740628 -1.000000 -1.000000 -1.000000 -1.000000 -1.000000 -1.000000 -1.000000 -1.000000 
222 14 Van -1 0 -1.000000 533.596772 161.463720 596.271935 209.405127 -1.000000 -1.000000 -1.000000 -1.000000 -1.000000 -1.000000 -1.000000 -1.000000 
223 14 Van -1 0 -1.000000 555.926342 159.848362 620.470236 209.152599 -1.000000 -1.000000 -1.000000 -1.000000 -1.000000 -1.000000 -1.000000 -1.000000 
224 14 Van -1 0 -1.000000 579.551681 158.136655 645.960209 208.882959 -1.000000 -1.000000 -1.000000 -1.000000 -1.000000 -1.000000 -1.000000 -1.000000 
225 14 Van -1 0 -1.000000 604.580356 156.320051 672.855235 208.627293 -1.000000 -1.000000 -1.000000 -1.000000 -1.000000 -1.000000 -1.000000 -1.000000 
226 14 Van -1 0 -1.000000 630.934634 156.707781 701.228191 210.906265 -1.000000 -1.000000 -1.000000 -1.000000 -1.000000 -1.000000 -1.000000 -1.000000 
227 14 Van -1 0 -1.000000 659.149048 157.127177 731.473708 213.352593 -1.000000 -1.000000 -1.000000 -1.000000 -1.000000 -1.000000 -1.000000 -1.000000 
228 14 Van -1 0 -1.000000 689.417044 157.581758 763.792287 215.984904 -1.000000 -1.000000 -1.000000 -1.000000 -1.000000 -1.000000 -1.000000 -1.000000 
229 14 Van -1 0 -1.000000 718.502001 154.277464 797.290338 215.299760 -1.000000 -1.000000 -1.000000 -1.000000 -1.000000 -1.000000 -1.000000 -1.000000 
230 14 Van -1 0 -1.000000 750.131956 150.670318 833.596711 214.541290 -1.000000 -1.000000 -1.000000 -1.000000 -1.000000 -1.000000 -1.000000 -1.000000 
231 14 Van -1 0 -1.000000 784.630381 146.718606 873.102066 213.699265 -1.000000 -1.000000 -1.000000 -1.000000 -1.000000 -1.000000 -1.000000 -1.000000 
232 14 Van -1 0 -1.000000 818.732859 143.892061 912.581634 214.683581 -1.000000 -1.000000 -1.000000 -1.000000 -1.000000 -1.000000 -1.000000 -1.000000 
233 14 Van -1 0 -1.000000 856.623533 140.732797 956.315511 215.778763 -1.000000 -1.000000 -1.000000 -1.000000 -1.000000 -1.000000 -1.000000 -1.000000 
234 14 Van -1 0 -1.000000 898.943060 137.179034 1005.053971 217.005345 -1.000000 -1.000000 -1.000000 -1.000000 -1.000000 -1.000000 -1.000000 -1.000000 
235 14 Van -1 0 -1.000000 946.484880 133.152686 1059.734793 218.389295 -1.000000 -1.000000 -1.000000 -1.000000 -1.000000 -1.000000 -1.000000 -1.000000 
236 14 Van -1 0 -1.000000 991.687737 128.854055 1116.006450 220.724715 -1.000000 -1.000000 -1.000000 -1.000000 -1.000000 -1.000000 -1.000000 -1.000000 
237 14 Van -1 0 -1.000000 1043.703521 123.850804 1180.858415 223.436942 -1.000000 -1.000000 -1.000000 -1.000000 -1.000000 -1.000000 -1.000000 -1.000000 
245 15 Truck -1 0 -1.000000 25.742007 156.326166 160.439024 217.658320 -1.000000 -1.000000 -1.000000 -1.000000 -1.000000 -1.000000 -1.000000 -1.000000 
246 15 Truck -1 0 -1.000000 56.602061 156.715488 189.502752 217.740875 -1.000000 -1.000000 -1.000000 -1.000000 -1.000000 -1.000000 -1.000000 -1.000000 
247 15 Truck -1 0 -1.000000 81.580127 158.457444 214.652692 219.585268 -1.000000 -1.000000 -1.000000 -1.000000 -1.000000 -1.000000 -1.000000 -1.000000 
248 15 Truck -1 0 -1.000000 106.674831 160.212868 239.750054 221.422167 -1.000000 -1.000000 -1.000000 -1.000000 -1.000000 -1.000000 -1.000000 -1.000000 
249 15 Truck -1 1 -1.000000 129.243134 162.040011 262.877274 223.343733 -1.000000 -1.000000 -1.000000 -1.000000 -1.000000 -1.000000 -1.000000 -1.000000 
250 15 Truck -1 1 -1.000000 149.161038 160.404926 282.179481 222.125080 -1.000000 -1.000000 -1.000000 -1.000000 -1.000000 -1.000000 -1.000000 -1.000000 
251 15 Truck -1 1 -1.000000 164.781018 158.831093 298.291783 221.019696 -1.000000 -1.000000 -1.000000 -1.000000 -1.000000 -1.000000 -1.000000 -1.000000 
252 15 Truck -1 1 -1.000000 172.546860 157.439299 309.803861 220.500781 -1.000000 -1.000000 -1.000000 -1.000000 -1.000000 -1.000000 -1.000000 -1.000000 
253 15 Truck -1 1 -1.000000 180.583973 156.007236 321.538965 219.963183 -1.000000 -1.000000 -1.000000 -1.000000 -1.000000 -1.000000 -1.000000 -1.000000 
254 15 Truck -1 1 -1.000000 184.309260 153.757135 328.459920 218.856824 -1.000000 -1.000000 -1.000000 -1.000000 -1.000000 -1.000000 -1.000000 -1.000000 
255 15 Truck -1 1 -1.000000 182.137254 152.190870 330.723979 218.728042 -1.000000 -1.000000 -1.000000 -1.000000 -1.000000 -1.000000 -1.000000 -1.000000 
256 15 Truck -1 0 -1.000000 179.876306 150.553011 333.060156 218.592943 -1.000000 -1.000000 -1.000000 -1.000000 -1.000000 -1.000000 -1.000000 -1.000000 
257 15 Truck -1 0 -1.000000 171.368000 150.715896 329.375554 220.596409 -1.000000 -1.000000 -1.000000 -1.000000 -1.000000 -1.000000 -1.000000 -1.000000 
258 15 Truck -1 0 -1.000000 162.386268 150.887821 325.542695 222.711612 -1.000000 -1.000000 -1.000000 -1.000000 -1.000000 -1.000000 -1.000000 -1.000000 
259 15 Truck -1 0 -1.000000 148.006031 148.102962 319.032346 222.184002 -1.000000 -1.000000 -1.000000 -1.000000 -1.000000 -1.000000 -1.000000 -1.000000 
260 15 Truck -1 0 -1.000000 132.691748 145.137067 312.220087 221.622077 -1.000000 -1.000000 -1.000000 -1.000000 -1.000000 -1.000000 -1.000000 -1.000000 
261 15 Truck -1 0 -1.000000 116.349360 141.971891 305.084419 221.022378 -1.000000 -1.000000 -1.000000 -1.000000 -1.000000 -1.000000 -1.000000 -1.000000 
262 15 Truck -1 0 -1.000000 97.820159 141.486720 296.935738 223.328216 -1.000000 -1.000000 -1.000000 -1.000000 -1.000000 -1.000000 -1.000000 -1.000000 
263 15 Truck -1 0 -1.000000 77.937164 140.966074 288.374875 225.802735 -1.000000 -1.000000 -1.000000 -1.000000 -1.000000 -1.000000 -1.000000 -1.000000 
264 15 Truck -1 1 -1.000000 56.546384 140.405915 279.369748 228.465147 -1.000000 -1.000000 -1.000000 -1.000000 -1.000000 -1.000000 -1.000000 -1.000000 
265 15 Truck -1 1 -1.000000 33.964282 136.569610 270.209928 228.093082 -1.000000 -1.000000 -1.000000 -1.000000 -1.000000 -1.000000 -1.000000 -1.000000 
266 15 Truck -1 1 -1.000000 9.531956 132.418679 260.549469 227.690482 -1.000000 -1.000000 -1.000000 -1.000000 -1.000000 -1.000000 -1.000000 -1.000000 
