7 1 Car -1 0 -1.000000 812.007472 186.786267 1231.802699 403.986242 -1.000000 -1.000000 -1.000000 -1.000000 -1.000000 -1.000000 -1.000000 -1.000000 
8 1 Car -1 0 -1.000000 803.118279 189.924815 1191.121026 396.359580 -1.000000 -1.000000 -1.000000 -1.000000 -1.000000 -1.000000 -1.000000 -1.000000 
8 3 Car -1 -1 -1.000000 225.917007 179.262136 279.613830 204.596901 -1.000000 -1.000000 -1.000000 -1.000000 -1.000000 -1.000000 -1.000000 -1.000000 
9 1 Car -1 0 -1.000000 794.713573 185.475709 1154.901708 376.481871 -1.000000 -1.000000 -1.000000 -1.000000 -1.000000 -1.000000 -1.000000 -1.000000 
9 3 Car -1 -1 -1.000000 215.030257 177.862041 271.134833 203.943583 -1.000000 -1.000000 -1.000000 -1.000000 -1.000000 -1.000000 -1.000000 -1.000000 
10 1 Car -1 0 -1.000000 788.432858 185.698194 1131.764247 369.854916 -1.000000 -1.000000 -1.000000 -1.000000 -1.000000 -1.000000 -1.000000 -1.000000 
10 3 Car -1 2 -1.000000 203.480110 176.376696 262.183999 203.250438 -1.000000 -1.000000 -1.000000 -1.000000 -1.000000 -1.000000 -1.000000 -1.000000 
11 1 Car -1 0 -1.000000 782.464931 183.470500 1098.770156 353.603987 -1.000000 -1.000000 -1.000000 -1.000000 -1.000000 -1.000000 -1.000000 -1.000000 
11 3 Car -1 2 -1.000000 192.905602 177.635046 254.361114 205.342047 -1.000000 -1.000000 -1.000000 -1.000000 -1.000000 -1.000000 -1.000000 -1.000000 
12 1 Car -1 0 -1.000000 778.308408 183.307561 1077.072285 345.250131 -1.000000 -1.000000 -1.000000 -1.000000 -1.000000 -1.000000 -1.000000 -1.000000 
12 3 Car -1 2 -1.000000 181.657276 178.973796 246.083835 207.567034 -1.000000 -1.000000 -1.000000 -1.000000 -1.000000 -1.000000 -1.000000 -1.000000 
13 1 Car -1 0 -1.000000 774.374463 182.414514 1057.304895 336.444596 -1.000000 -1.000000 -1.000000 -1.000000 -1.000000 -1.000000 -1.000000 -1.000000 
13 3 Car -1 0 -1.000000 169.668595 180.400903 237.311399 209.938575 -1.000000 -1.000000 -1.000000 -1.000000 -1.000000 -1.000000 -1.000000 -1.000000 
14 1 Car -1 0 -1.000000 770.644359 180.795782 1039.218269 327.158438 -1.000000 -1.000000 -1.000000 -1.000000 -1.000000 -1.000000 -1.000000 -1.000000 
14 3 Car -1 0 -1.000000 156.863965 181.797757 227.998017 212.471640 -1.000000 -1.000000 -1.000000 -1.000000 -1.000000 -1.000000 -1.000000 -1.000000 
14 4 Car -1 2 -1.000000 203.516886 180.480363 263.696862 205.804181 -1.000000 -1.000000 -1.000000 -1.000000 -1.000000 -1.000000 -1.000000 -1.000000 
15 1 Car -1 0 -1.000000 767.183018 184.780934 1022.767864 327.382260 -1.000000 -1.000000 -1.000000 -1.000000 -1.000000 -1.000000 -1.000000 -1.000000 
15 3 Car -1 0 -1.000000 143.157135 183.260367 218.092073 215.183312 -1.000000 -1.000000 -1.000000 -1.000000 -1.000000 -1.000000 -1.000000 -1.000000 
15 4 Car -1 2 -1.000000 193.338198 182.099368 256.238111 208.346968 -1.000000 -1.000000 -1.000000 -1.000000 -1.000000 -1.000000 -1.000000 -1.000000 
16 1 Car -1 0 -1.000000 762.346583 184.043634 1004.412763 320.090007 -1.000000 -1.000000 -1.000000 -1.000000 -1.000000 -1.000000 -1.000000 -1.000000 
16 3 Car -1 0 -1.000000 127.911038 183.348554 207.144966 216.422991 -1.000000 -1.000000 -1.000000 -1.000000 -1.000000 -1.000000 -1.000000 -1.000000 
16 4 Car -1 2 -1.000000 182.521584 183.805227 248.352051 211.049246 -1.000000 -1.000000 -1.000000 -1.000000 -1.000000 -1.000000 -1.000000 -1.000000 
17 1 Car -1 0 -1.000000 757.772278 183.346099 987.563160 313.400338 -1.000000 -1.000000 -1.000000 -1.000000 -1.000000 -1.000000 -1.000000 -1.000000 
17 3 Car -1 0 -1.000000 111.540687 183.442601 195.470085 217.754170 -1.000000 -1.000000 -1.000000 -1.000000 -1.000000 -1.000000 -1.000000 -1.000000 
17 4 Car -1 2 -1.000000 174.152281 183.753028 242.741435 211.854380 -1.000000 -1.000000 -1.000000 -1.000000 -1.000000 -1.000000 -1.000000 -1.000000 
18 1 Car -1 0 -1.000000 753.439356 182.685198 972.041128 307.241525 -1.000000 -1.000000 -1.000000 -1.000000 -1.000000 -1.000000 -1.000000 -1.000000 
18 3 Car -1 0 -1.000000 93.916902 183.543114 182.992408 219.187369 -1.000000 -1.000000 -1.000000 -1.000000 -1.000000 -1.000000 -1.000000 -1.000000 
18 4 Car -1 2 -1.000000 160.157821 183.887955 232.240840 212.946395 -1.000000 -1.000000 -1.000000 -1.000000 -1.000000 -1.000000 -1.000000 -1.000000 
19 1 Car -1 0 -1.000000 749.329201 182.058119 957.695718 301.552792 -1.000000 -1.000000 -1.000000 -1.000000 -1.000000 -1.000000 -1.000000 -1.000000 
19 3 Car -1 0 -1.000000 74.889930 183.650781 169.626243 220.734782 -1.000000 -1.000000 -1.000000 -1.000000 -1.000000 -1.000000 -1.000000 -1.000000 
19 4 Car -1 1 -1.000000 145.193335 184.031325 221.082950 214.114138 -1.000000 -1.000000 -1.000000 -1.000000 -1.000000 -1.000000 -1.000000 -1.000000 
20 1 Car -1 0 -1.000000 745.425064 181.462329 944.398027 296.282297 -1.000000 -1.000000 -1.000000 -1.000000 -1.000000 -1.000000 -1.000000 -1.000000 
20 3 Car -1 0 -1.000000 54.285166 183.766395 155.273248 222.410631 -1.000000 -1.000000 -1.000000 -1.000000 -1.000000 -1.000000 -1.000000 -1.000000 
20 4 Car -1 1 -1.000000 129.154343 184.183955 209.204057 215.365769 -1.000000 -1.000000 -1.000000 -1.000000 -1.000000 -1.000000 -1.000000 -1.000000 
21 1 Car -1 0 -1.000000 740.573106 181.957514 930.317076 292.562602 -1.000000 -1.000000 -1.000000 -1.000000 -1.000000 -1.000000 -1.000000 -1.000000 
21 3 Car -1 0 -1.000000 31.617991 183.883451 139.194645 224.168719 -1.000000 -1.000000 -1.000000 -1.000000 -1.000000 -1.000000 -1.000000 -1.000000 
21 4 Car -1 1 -1.000000 111.920802 184.346772 196.531946 216.710663 -1.000000 -1.000000 -1.000000 -1.000000 -1.000000 -1.000000 -1.000000 -1.000000 
22 1 Car -1 0 -1.000000 735.973113 182.426911 917.284644 289.119385 -1.000000 -1.000000 -1.000000 -1.000000 -1.000000 -1.000000 -1.000000 -1.000000 
22 3 Car -1 0 -1.000000 3.687975 184.029145 119.454451 226.291606 -1.000000 -1.000000 -1.000000 -1.000000 -1.000000 -1.000000 -1.000000 -1.000000 
22 4 Car -1 1 -1.000000 92.311835 186.728941 182.051335 220.658207 -1.000000 -1.000000 -1.000000 -1.000000 -1.000000 -1.000000 -1.000000 -1.000000 
23 1 Car -1 0 -1.000000 731.605968 182.872484 905.187795 285.922924 -1.000000 -1.000000 -1.000000 -1.000000 -1.000000 -1.000000 -1.000000 -1.000000 
23 4 Car -1 2 -1.000000 71.870988 185.832549 167.198577 221.032652 -1.000000 -1.000000 -1.000000 -1.000000 -1.000000 -1.000000 -1.000000 -1.000000 
24 1 Car -1 0 -1.000000 727.454440 183.296002 893.929250 282.947608 -1.000000 -1.000000 -1.000000 -1.000000 -1.000000 -1.000000 -1.000000 -1.000000 
24 4 Car -1 2 -1.000000 49.690735 184.868785 151.228974 221.438976 -1.000000 -1.000000 -1.000000 -1.000000 -1.000000 -1.000000 -1.000000 -1.000000 
25 1 Car -1 0 -1.000000 723.502957 183.699065 883.424762 280.171254 -1.000000 -1.000000 -1.000000 -1.000000 -1.000000 -1.000000 -1.000000 -1.000000 
25 4 Car -1 2 -1.000000 25.539189 183.829756 134.011636 221.881432 -1.000000 -1.000000 -1.000000 -1.000000 -1.000000 -1.000000 -1.000000 -1.000000 
26 1 Car -1 0 -1.000000 719.654474 184.243102 872.818809 277.584627 -1.000000 -1.000000 -1.000000 -1.000000 -1.000000 -1.000000 -1.000000 -1.000000 
27 1 Car -1 0 -1.000000 714.138440 184.752348 860.432000 275.175597 -1.000000 -1.000000 -1.000000 -1.000000 -1.000000 -1.000000 -1.000000 -1.000000 
28 1 Car -1 0 -1.000000 709.791692 185.241343 850.044239 272.919604 -1.000000 -1.000000 -1.000000 -1.000000 -1.000000 -1.000000 -1.000000 -1.000000 
29 1 Car -1 0 -1.000000 705.647748 185.707576 840.303488 270.804673 -1.000000 -1.000000 -1.000000 -1.000000 -1.000000 -1.000000 -1.000000 -1.000000 
30 1 Car -1 0 -1.000000 701.692739 186.152602 831.151122 268.817974 -1.000000 -1.000000 -1.000000 -1.000000 -1.000000 -1.000000 -1.000000 -1.000000 
31 1 Car -1 0 -1.000000 694.575424 185.403056 819.309536 265.383475 -1.000000 -1.000000 -1.000000 -1.000000 -1.000000 -1.000000 -1.000000 -1.000000 
32 1 Car -1 0 -1.000000 687.768683 184.686703 808.152730 262.144407 -1.000000 -1.000000 -1.000000 -1.000000 -1.000000 -1.000000 -1.000000 -1.000000 
33 1 Car -1 0 -1.000000 681.252668 184.001378 797.622878 259.084564 -1.000000 -1.000000 -1.000000 -1.000000 -1.000000 -1.000000 -1.000000 -1.000000 
34 1 Car -1 0 -1.000000 675.009191 183.345100 787.668486 256.189484 -1.000000 -1.000000 -1.000000 -1.000000 -1.000000 -1.000000 -1.000000 -1.000000 
35 1 Car -1 0 -1.000000 669.021551 182.716054 778.243541 253.446220 -1.000000 -1.000000 -1.000000 -1.000000 -1.000000 -1.000000 -1.000000 -1.000000 
36 1 Car -1 0 -1.000000 661.747722 182.590771 765.850106 251.206477 -1.000000 -1.000000 -1.000000 -1.000000 -1.000000 -1.000000 -1.000000 -1.000000 
37 1 Car -1 0 -1.000000 654.801100 182.471087 754.158448 249.094621 -1.000000 -1.000000 -1.000000 -1.000000 -1.000000 -1.000000 -1.000000 -1.000000 
38 1 Car -1 0 -1.000000 648.160089 182.356635 743.110600 247.100002 -1.000000 -1.000000 -1.000000 -1.000000 -1.000000 -1.000000 -1.000000 -1.000000 
38 2 Car -1 0 -1.000000 797.505950 158.074278 1220.715575 401.555016 -1.000000 -1.000000 -1.000000 -1.000000 -1.000000 -1.000000 -1.000000 -1.000000 
39 1 Car -1 0 -1.000000 641.804959 182.247078 732.654812 245.213122 -1.000000 -1.000000 -1.000000 -1.000000 -1.000000 -1.000000 -1.000000 -1.000000 
39 2 Car -1 0 -1.000000 780.578090 159.070991 1170.463439 388.839626 -1.000000 -1.000000 -1.000000 -1.000000 -1.000000 -1.000000 -1.000000 -1.000000 
40 1 Car -1 0 -1.000000 635.717637 182.142110 722.744730 243.425481 -1.000000 -1.000000 -1.000000 -1.000000 -1.000000 -1.000000 -1.000000 -1.000000 
40 2 Car -1 0 -1.000000 764.732361 159.963171 1125.498489 377.480650 -1.000000 -1.000000 -1.000000 -1.000000 -1.000000 -1.000000 -1.000000 -1.000000 
41 1 Car -1 0 -1.000000 628.591272 182.557424 712.614997 242.421216 -1.000000 -1.000000 -1.000000 -1.000000 -1.000000 -1.000000 -1.000000 -1.000000 
41 2 Car -1 0 -1.000000 748.570383 161.453374 1078.737433 365.824107 -1.000000 -1.000000 -1.000000 -1.000000 -1.000000 -1.000000 -1.000000 -1.000000 
42 1 Car -1 0 -1.000000 621.742648 182.956426 702.977348 241.465195 -1.000000 -1.000000 -1.000000 -1.000000 -1.000000 -1.000000 -1.000000 -1.000000 
42 2 Car -1 0 -1.000000 733.571908 162.778183 1037.180262 355.500909 -1.000000 -1.000000 -1.000000 -1.000000 -1.000000 -1.000000 -1.000000 -1.000000 
43 1 Car -1 0 -1.000000 615.155849 183.340064 693.796757 240.554020 -1.000000 -1.000000 -1.000000 -1.000000 -1.000000 -1.000000 -1.000000 -1.000000 
43 2 Car -1 0 -1.000000 719.615659 163.963685 1000.004078 346.294657 -1.000000 -1.000000 -1.000000 -1.000000 -1.000000 -1.000000 -1.000000 -1.000000 
44 1 Car -1 0 -1.000000 608.816153 183.709210 685.041446 239.684602 -1.000000 -1.000000 -1.000000 -1.000000 -1.000000 -1.000000 -1.000000 -1.000000 
44 2 Car -1 0 -1.000000 706.596651 165.030756 966.550805 338.033381 -1.000000 -1.000000 -1.000000 -1.000000 -1.000000 -1.000000 -1.000000 -1.000000 
45 1 Car -1 0 -1.000000 602.709919 184.064674 676.682514 238.854129 -1.000000 -1.000000 -1.000000 -1.000000 -1.000000 -1.000000 -1.000000 -1.000000 
45 2 Car -1 0 -1.000000 694.423540 165.996297 936.287873 330.578686 -1.000000 -1.000000 -1.000000 -1.000000 -1.000000 -1.000000 -1.000000 -1.000000 
46 1 Car -1 0 -1.000000 596.966917 184.444550 669.012791 238.227338 -1.000000 -1.000000 -1.000000 -1.000000 -1.000000 -1.000000 -1.000000 -1.000000 
46 2 Car -1 0 -1.000000 682.359764 166.858347 908.741065 324.069831 -1.000000 -1.000000 -1.000000 -1.000000 -1.000000 -1.000000 -1.000000 -1.000000 
47 1 Car -1 0 -1.000000 591.407618 184.812190 661.642840 237.624722 -1.000000 -1.000000 -1.000000 -1.000000 -1.000000 -1.000000 -1.000000 -1.000000 
47 2 Car -1 0 -1.000000 671.004788 167.647408 883.531421 318.119921 -1.000000 -1.000000 -1.000000 -1.000000 -1.000000 -1.000000 -1.000000 -1.000000 
48 1 Car -1 0 -1.000000 586.023355 185.168177 654.555411 237.044904 -1.000000 -1.000000 -1.000000 -1.000000 -1.000000 -1.000000 -1.000000 -1.000000 
48 2 Car -1 0 -1.000000 660.297932 168.372373 860.373589 312.659920 -1.000000 -1.000000 -1.000000 -1.000000 -1.000000 -1.000000 -1.000000 -1.000000 
49 1 Car -1 0 -1.000000 581.776222 183.344701 648.874125 233.845386 -1.000000 -1.000000 -1.000000 -1.000000 -1.000000 -1.000000 -1.000000 -1.000000 
49 2 Car -1 0 -1.000000 650.185256 169.040746 839.026858 307.631712 -1.000000 -1.000000 -1.000000 -1.000000 -1.000000 -1.000000 -1.000000 -1.000000 
50 1 Car -1 0 -1.000000 577.660508 181.577999 643.404992 230.764623 -1.000000 -1.000000 -1.000000 -1.000000 -1.000000 -1.000000 -1.000000 -1.000000 
50 2 Car -1 0 -1.000000 640.618638 169.658906 819.286746 302.986023 -1.000000 -1.000000 -1.000000 -1.000000 -1.000000 -1.000000 -1.000000 -1.000000 
51 1 Car -1 1 -1.000000 573.891851 180.392967 637.765111 228.646856 -1.000000 -1.000000 -1.000000 -1.000000 -1.000000 -1.000000 -1.000000 -1.000000 
51 2 Car -1 0 -1.000000 632.904604 169.979058 801.813537 298.012495 -1.000000 -1.000000 -1.000000 -1.000000 -1.000000 -1.000000 -1.000000 -1.000000 
52 1 Car -1 1 -1.000000 570.235646 179.220384 632.323898 226.604398 -1.000000 -1.000000 -1.000000 -1.000000 -1.000000 -1.000000 -1.000000 -1.000000 
52 2 Car -1 0 -1.000000 625.619458 170.275239 785.650912 293.419317 -1.000000 -1.000000 -1.000000 -1.000000 -1.000000 -1.000000 -1.000000 -1.000000 
53 1 Car -1 1 -1.000000 566.686935 178.088364 627.071037 224.633300 -1.000000 -1.000000 -1.000000 -1.000000 -1.000000 -1.000000 -1.000000 -1.000000 
53 2 Car -1 0 -1.000000 618.728397 170.550043 770.656750 289.164466 -1.000000 -1.000000 -1.000000 -1.000000 -1.000000 -1.000000 -1.000000 -1.000000 
54 1 Car -1 1 -1.000000 563.454791 180.459612 622.248525 226.229154 -1.000000 -1.000000 -1.000000 -1.000000 -1.000000 -1.000000 -1.000000 -1.000000 
54 2 Car -1 0 -1.000000 612.200290 170.805704 756.708763 285.211890 -1.000000 -1.000000 -1.000000 -1.000000 -1.000000 -1.000000 -1.000000 -1.000000 
55 1 Car -1 1 -1.000000 560.314905 182.549328 617.587271 227.771163 -1.000000 -1.000000 -1.000000 -1.000000 -1.000000 -1.000000 -1.000000 -1.000000 
55 2 Car -1 0 -1.000000 606.007195 171.044156 743.701150 281.530481 -1.000000 -1.000000 -1.000000 -1.000000 -1.000000 -1.000000 -1.000000 -1.000000 
56 1 Car -1 1 -1.000000 557.938302 182.817307 613.385519 227.367673 -1.000000 -1.000000 -1.000000 -1.000000 -1.000000 -1.000000 -1.000000 -1.000000 
56 2 Car -1 0 -1.000000 601.847257 171.522815 733.466917 278.089133 -1.000000 -1.000000 -1.000000 -1.000000 -1.000000 -1.000000 -1.000000 -1.000000 
57 1 Car -1 2 -1.000000 555.626452 183.078208 609.312916 226.976879 -1.000000 -1.000000 -1.000000 -1.000000 -1.000000 -1.000000 -1.000000 -1.000000 
57 2 Car -1 0 -1.000000 597.904788 171.969178 723.924221 274.884126 -1.000000 -1.000000 -1.000000 -1.000000 -1.000000 -1.000000 -1.000000 -1.000000 
58 1 Car -1 2 -1.000000 554.173529 182.562412 606.281299 225.679890 -1.000000 -1.000000 -1.000000 -1.000000 -1.000000 -1.000000 -1.000000 -1.000000 
58 2 Car -1 0 -1.000000 594.163170 172.386406 715.005259 271.891923 -1.000000 -1.000000 -1.000000 -1.000000 -1.000000 -1.000000 -1.000000 -1.000000 
59 1 Car -1 2 -1.000000 552.759758 182.060069 603.341108 224.423134 -1.000000 -1.000000 -1.000000 -1.000000 -1.000000 -1.000000 -1.000000 -1.000000 
59 2 Car -1 0 -1.000000 590.607435 172.777261 706.650816 269.092010 -1.000000 -1.000000 -1.000000 -1.000000 -1.000000 -1.000000 -1.000000 -1.000000 
60 1 Car -1 2 -1.000000 551.383582 181.570657 600.488261 223.204770 -1.000000 -1.000000 -1.000000 -1.000000 -1.000000 -1.000000 -1.000000 -1.000000 
60 2 Car -1 0 -1.000000 587.224066 173.144169 698.808939 266.466428 -1.000000 -1.000000 -1.000000 -1.000000 -1.000000 -1.000000 -1.000000 -1.000000 
61 1 Car -1 2 -1.000000 552.026390 179.921244 603.343234 223.528672 -1.000000 -1.000000 -1.000000 -1.000000 -1.000000 -1.000000 -1.000000 -1.000000 
61 2 Car -1 0 -1.000000 583.210595 173.727068 690.797003 264.546660 -1.000000 -1.000000 -1.000000 -1.000000 -1.000000 -1.000000 -1.000000 -1.000000 
62 1 Car -1 2 -1.000000 550.247289 180.967917 600.072251 223.799175 -1.000000 -1.000000 -1.000000 -1.000000 -1.000000 -1.000000 -1.000000 -1.000000 
62 2 Car -1 0 -1.000000 579.362848 174.279873 683.199234 262.727527 -1.000000 -1.000000 -1.000000 -1.000000 -1.000000 -1.000000 -1.000000 -1.000000 
63 1 Car -1 2 -1.000000 548.522129 181.866849 596.914980 224.060099 -1.000000 -1.000000 -1.000000 -1.000000 -1.000000 -1.000000 -1.000000 -1.000000 
63 2 Car -1 0 -1.000000 575.670768 174.804856 675.984325 261.001319 -1.000000 -1.000000 -1.000000 -1.000000 -1.000000 -1.000000 -1.000000 -1.000000 
64 1 Car -1 2 -1.000000 546.848495 182.702659 593.865589 224.311941 -1.000000 -1.000000 -1.000000 -1.000000 -1.000000 -1.000000 -1.000000 -1.000000 
64 2 Car -1 0 -1.000000 572.125098 175.304064 669.124049 259.361093 -1.000000 -1.000000 -1.000000 -1.000000 -1.000000 -1.000000 -1.000000 -1.000000 
65 1 Car -1 2 -1.000000 545.224115 183.514257 590.918640 224.555167 -1.000000 -1.000000 -1.000000 -1.000000 -1.000000 -1.000000 -1.000000 -1.000000 
65 2 Car -1 0 -1.000000 568.717296 175.779351 662.592887 257.800581 -1.000000 -1.000000 -1.000000 -1.000000 -1.000000 -1.000000 -1.000000 -1.000000 
65 6 Van -1 -1 -1.000000 355.462740 170.027295 383.621901 195.244772 -1.000000 -1.000000 -1.000000 -1.000000 -1.000000 -1.000000 -1.000000 -1.000000 
66 1 Car -1 2 -1.000000 545.474223 184.009959 589.208442 224.135934 -1.000000 -1.000000 -1.000000 -1.000000 -1.000000 -1.000000 -1.000000 -1.000000 
66 2 Car -1 0 -1.000000 566.205836 179.049699 657.443252 259.290057 -1.000000 -1.000000 -1.000000 -1.000000 -1.000000 -1.000000 -1.000000 -1.000000 
66 6 Van -1 -1 -1.000000 349.834726 174.035592 379.385394 200.150615 -1.000000 -1.000000 -1.000000 -1.000000 -1.000000 -1.000000 -1.000000 -1.000000 
67 1 Car -1 2 -1.000000 545.436696 184.485555 587.576680 223.736544 -1.000000 -1.000000 -1.000000 -1.000000 -1.000000 -1.000000 -1.000000 -1.000000 
67 2 Car -1 0 -1.000000 563.782680 182.003016 652.515187 260.714646 -1.000000 -1.000000 -1.000000 -1.000000 -1.000000 -1.000000 -1.000000 -1.000000 
67 5 Car -1 -1 -1.000000 162.470646 187.923418 224.312496 213.743052 -1.000000 -1.000000 -1.000000 -1.000000 -1.000000 -1.000000 -1.000000 -1.000000 
67 6 Van -1 -1 -1.000000 344.393178 176.050309 375.412728 203.118908 -1.000000 -1.000000 -1.000000 -1.000000 -1.000000 -1.000000 -1.000000 -1.000000 
68 1 Car -1 2 -1.000000 544.840476 184.942250 586.018028 223.355612 -1.000000 -1.000000 -1.000000 -1.000000 -1.000000 -1.000000 -1.000000 -1.000000 
68 2 Car -1 0 -1.000000 561.129558 178.279962 647.407853 255.085074 -1.000000 -1.000000 -1.000000 -1.000000 -1.000000 -1.000000 -1.000000 -1.000000 
68 5 Car -1 -1 -1.000000 152.710965 184.714369 217.081819 210.873441 -1.000000 -1.000000 -1.000000 -1.000000 -1.000000 -1.000000 -1.000000 -1.000000 
68 6 Van -1 -1 -1.000000 337.722369 172.071601 370.402576 200.147951 -1.000000 -1.000000 -1.000000 -1.000000 -1.000000 -1.000000 -1.000000 -1.000000 
69 1 Car -1 2 -1.000000 544.223902 180.977629 584.475991 217.906575 -1.000000 -1.000000 -1.000000 -1.000000 -1.000000 -1.000000 -1.000000 -1.000000 
69 2 Car -1 0 -1.000000 558.566765 174.541499 642.511699 249.691057 -1.000000 -1.000000 -1.000000 -1.000000 -1.000000 -1.000000 -1.000000 -1.000000 
69 5 Car -1 -1 -1.000000 142.423042 181.348296 209.497087 207.848401 -1.000000 -1.000000 -1.000000 -1.000000 -1.000000 -1.000000 -1.000000 -1.000000 
69 6 Van -1 -1 -1.000000 330.529792 167.782044 365.029546 196.944485 -1.000000 -1.000000 -1.000000 -1.000000 -1.000000 -1.000000 -1.000000 -1.000000 
70 1 Car -1 2 -1.000000 543.946776 181.338886 583.613027 217.782161 -1.000000 -1.000000 -1.000000 -1.000000 -1.000000 -1.000000 -1.000000 -1.000000 
70 2 Car -1 0 -1.000000 556.089766 170.954327 637.813892 244.518113 -1.000000 -1.000000 -1.000000 -1.000000 -1.000000 -1.000000 -1.000000 -1.000000 
70 5 Car -1 -1 -1.000000 131.339191 179.229145 201.333502 206.417173 -1.000000 -1.000000 -1.000000 -1.000000 -1.000000 -1.000000 -1.000000 -1.000000 
70 6 Van -1 -1 -1.000000 323.211758 163.392358 359.660692 193.680868 -1.000000 -1.000000 -1.000000 -1.000000 -1.000000 -1.000000 -1.000000 -1.000000 
71 1 Car -1 2 -1.000000 543.678161 181.691121 582.774243 217.661307 -1.000000 -1.000000 -1.000000 -1.000000 -1.000000 -1.000000 -1.000000 -1.000000 
71 2 Car -1 0 -1.000000 554.775489 172.196002 634.745370 244.424995 -1.000000 -1.000000 -1.000000 -1.000000 -1.000000 -1.000000 -1.000000 -1.000000 
71 5 Car -1 2 -1.000000 120.085213 179.421054 193.220273 207.387454 -1.000000 -1.000000 -1.000000 -1.000000 -1.000000 -1.000000 -1.000000 -1.000000 
71 6 Van -1 -1 -1.000000 315.211202 163.929479 353.812353 195.454513 -1.000000 -1.000000 -1.000000 -1.000000 -1.000000 -1.000000 -1.000000 -1.000000 
72 1 Car -1 2 -1.000000 543.417697 182.034669 581.958627 217.543861 -1.000000 -1.000000 -1.000000 -1.000000 -1.000000 -1.000000 -1.000000 -1.000000 
72 2 Car -1 0 -1.000000 553.500170 173.393458 631.786234 244.335234 -1.000000 -1.000000 -1.000000 -1.000000 -1.000000 -1.000000 -1.000000 -1.000000 
72 5 Car -1 2 -1.000000 108.169251 179.624278 184.678095 208.414851 -1.000000 -1.000000 -1.000000 -1.000000 -1.000000 -1.000000 -1.000000 -1.000000 
72 6 Van -1 -1 -1.000000 306.531844 164.512153 347.508498 197.378742 -1.000000 -1.000000 -1.000000 -1.000000 -1.000000 -1.000000 -1.000000 -1.000000 
73 1 Car -1 2 -1.000000 543.446908 182.168604 581.586296 217.327700 -1.000000 -1.000000 -1.000000 -1.000000 -1.000000 -1.000000 -1.000000 -1.000000 
73 2 Car -1 0 -1.000000 552.262101 174.549016 628.930740 244.248652 -1.000000 -1.000000 -1.000000 -1.000000 -1.000000 -1.000000 -1.000000 -1.000000 
73 5 Car -1 2 -1.000000 95.531113 179.839849 175.672039 209.504557 -1.000000 -1.000000 -1.000000 -1.000000 -1.000000 -1.000000 -1.000000 -1.000000 
73 6 Van -1 -1 -1.000000 297.083455 165.146431 340.693761 199.473581 -1.000000 -1.000000 -1.000000 -1.000000 -1.000000 -1.000000 -1.000000 -1.000000 
74 1 Car -1 2 -1.000000 543.475701 182.300139 581.221386 217.116004 -1.000000 -1.000000 -1.000000 -1.000000 -1.000000 -1.000000 -1.000000 -1.000000 
74 2 Car -1 0 -1.000000 551.059674 175.664837 626.173536 244.165082 -1.000000 -1.000000 -1.000000 -1.000000 -1.000000 -1.000000 -1.000000 -1.000000 
74 5 Car -1 0 -1.000000 81.763273 181.300695 165.864666 211.956417 -1.000000 -1.000000 -1.000000 -1.000000 -1.000000 -1.000000 -1.000000 -1.000000 
74 6 Van -1 -1 -1.000000 286.759076 165.839485 333.303425 201.762771 -1.000000 -1.000000 -1.000000 -1.000000 -1.000000 -1.000000 -1.000000 -1.000000 
75 1 Car -1 2 -1.000000 543.504091 182.429340 580.863674 216.908636 -1.000000 -1.000000 -1.000000 -1.000000 -1.000000 -1.000000 -1.000000 -1.000000 
75 2 Car -1 0 -1.000000 549.891373 176.742936 623.509632 244.084371 -1.000000 -1.000000 -1.000000 -1.000000 -1.000000 -1.000000 -1.000000 -1.000000 
75 5 Car -1 0 -1.000000 67.804833 178.896575 156.103495 210.473782 -1.000000 -1.000000 -1.000000 -1.000000 -1.000000 -1.000000 -1.000000 -1.000000 
75 6 Van -1 -1 -1.000000 275.951711 164.831148 325.788665 202.468253 -1.000000 -1.000000 -1.000000 -1.000000 -1.000000 -1.000000 -1.000000 -1.000000 
76 2 Car -1 0 -1.000000 550.272379 176.603019 622.114529 242.969312 -1.000000 -1.000000 -1.000000 -1.000000 -1.000000 -1.000000 -1.000000 -1.000000 
76 5 Car -1 0 -1.000000 53.407922 178.708103 146.192261 211.301233 -1.000000 -1.000000 -1.000000 -1.000000 -1.000000 -1.000000 -1.000000 -1.000000 
76 6 Van -1 -1 -1.000000 264.061927 163.721751 317.593184 203.244444 -1.000000 -1.000000 -1.000000 -1.000000 -1.000000 -1.000000 -1.000000 -1.000000 
77 2 Car -1 0 -1.000000 550.645226 176.466937 620.756029 241.885891 -1.000000 -1.000000 -1.000000 -1.000000 -1.000000 -1.000000 -1.000000 -1.000000 
77 5 Car -1 0 -1.000000 38.055131 178.507060 135.697872 212.183664 -1.000000 -1.000000 -1.000000 -1.000000 -1.000000 -1.000000 -1.000000 -1.000000 
77 6 Van -1 -1 -1.000000 250.918492 162.495300 308.620137 204.102535 -1.000000 -1.000000 -1.000000 -1.000000 -1.000000 -1.000000 -1.000000 -1.000000 
78 2 Car -1 0 -1.000000 551.010196 176.334537 619.432682 240.832780 -1.000000 -1.000000 -1.000000 -1.000000 -1.000000 -1.000000 -1.000000 -1.000000 
78 5 Car -1 0 -1.000000 21.647952 178.292144 124.567333 213.126744 -1.000000 -1.000000 -1.000000 -1.000000 -1.000000 -1.000000 -1.000000 -1.000000 
78 6 Van -1 -1 -1.000000 236.312047 161.132237 298.753392 205.056213 -1.000000 -1.000000 -1.000000 -1.000000 -1.000000 -1.000000 -1.000000 -1.000000 
79 2 Car -1 0 -1.000000 551.367558 176.205674 618.143114 239.808728 -1.000000 -1.000000 -1.000000 -1.000000 -1.000000 -1.000000 -1.000000 -1.000000 
79 5 Car -1 0 -1.000000 4.073863 178.061868 112.741029 214.136948 -1.000000 -1.000000 -1.000000 -1.000000 -1.000000 -1.000000 -1.000000 -1.000000 
79 6 Van -1 -1 -1.000000 219.838044 159.087053 287.723508 205.599505 -1.000000 -1.000000 -1.000000 -1.000000 -1.000000 -1.000000 -1.000000 -1.000000 
80 2 Car -1 0 -1.000000 551.717567 176.080209 616.886021 238.812550 -1.000000 -1.000000 -1.000000 -1.000000 -1.000000 -1.000000 -1.000000 -1.000000 
80 6 Van -1 -1 -1.000000 200.492528 157.052489 274.787443 206.476233 -1.000000 -1.000000 -1.000000 -1.000000 -1.000000 -1.000000 -1.000000 -1.000000 
81 2 Car -1 0 -1.000000 553.378753 175.935347 617.335923 237.815543 -1.000000 -1.000000 -1.000000 -1.000000 -1.000000 -1.000000 -1.000000 -1.000000 
81 6 Van -1 -1 -1.000000 178.564499 154.746034 260.337910 207.470087 -1.000000 -1.000000 -1.000000 -1.000000 -1.000000 -1.000000 -1.000000 -1.000000 
82 2 Car -1 0 -1.000000 554.665751 175.794241 617.773332 236.845155 -1.000000 -1.000000 -1.000000 -1.000000 -1.000000 -1.000000 -1.000000 -1.000000 
82 6 Van -1 -1 -1.000000 152.995418 152.948147 243.660091 209.450545 -1.000000 -1.000000 -1.000000 -1.000000 -1.000000 -1.000000 -1.000000 -1.000000 
83 2 Car -1 0 -1.000000 555.903732 175.656750 618.198729 235.900335 -1.000000 -1.000000 -1.000000 -1.000000 -1.000000 -1.000000 -1.000000 -1.000000 
83 6 Van -1 -1 -1.000000 123.483883 150.872746 224.771057 211.736670 -1.000000 -1.000000 -1.000000 -1.000000 -1.000000 -1.000000 -1.000000 -1.000000 
84 2 Car -1 0 -1.000000 557.110108 175.522737 618.612574 234.980087 -1.000000 -1.000000 -1.000000 -1.000000 -1.000000 -1.000000 -1.000000 -1.000000 
84 6 Van -1 -1 -1.000000 89.041775 148.450201 203.199925 214.405146 -1.000000 -1.000000 -1.000000 -1.000000 -1.000000 -1.000000 -1.000000 -1.000000 
85 2 Car -1 0 -1.000000 558.286100 175.392074 619.015301 234.083466 -1.000000 -1.000000 -1.000000 -1.000000 -1.000000 -1.000000 -1.000000 -1.000000 
85 6 Van -1 -1 -1.000000 43.963695 144.998783 174.777965 217.137220 -1.000000 -1.000000 -1.000000 -1.000000 -1.000000 -1.000000 -1.000000 -1.000000 
86 2 Car -1 0 -1.000000 559.196619 175.096287 619.184688 233.069801 -1.000000 -1.000000 -1.000000 -1.000000 -1.000000 -1.000000 -1.000000 -1.000000 
87 2 Car -1 0 -1.000000 560.085201 174.807591 619.350010 232.080578 -1.000000 -1.000000 -1.000000 -1.000000 -1.000000 -1.000000 -1.000000 -1.000000 
88 2 Car -1 0 -1.000000 560.952632 174.525736 619.511412 231.114921 -1.000000 -1.000000 -1.000000 -1.000000 -1.000000 -1.000000 -1.000000 -1.000000 
89 2 Car -1 0 -1.000000 561.799655 174.250481 619.669031 230.172000 -1.000000 -1.000000 -1.000000 -1.000000 -1.000000 -1.000000 -1.000000 -1.000000 
90 2 Car -1 0 -1.000000 562.626984 173.981597 619.823000 229.251021 -1.000000 -1.000000 -1.000000 -1.000000 -1.000000 -1.000000 -1.000000 -1.000000 
91 2 Car -1 0 -1.000000 562.995379 174.091513 619.455301 228.648331 -1.000000 -1.000000 -1.000000 -1.000000 -1.000000 -1.000000 -1.000000 -1.000000 
92 2 Car -1 0 -1.000000 563.354394 174.198642 619.096929 228.060996 -1.000000 -1.000000 -1.000000 -1.000000 -1.000000 -1.000000 -1.000000 -1.000000 
93 2 Car -1 0 -1.000000 563.704384 174.303091 618.747533 227.488439 -1.000000 -1.000000 -1.000000 -1.000000 -1.000000 -1.000000 -1.000000 -1.000000 
94 2 Car -1 0 -1.000000 564.045684 174.404957 618.406781 226.930107 -1.000000 -1.000000 -1.000000 -1.000000 -1.000000 -1.000000 -1.000000 -1.000000 
95 2 Car -1 0 -1.000000 564.378615 174.504336 618.074355 226.385477 -1.000000 -1.000000 -1.000000 -1.000000 -1.000000 -1.000000 -1.000000 -1.000000 
96 2 Car -1 0 -1.000000 564.731532 172.779541 617.702921 223.935092 -1.000000 -1.000000 -1.000000 -1.000000 -1.000000 -1.000000 -1.000000 -1.000000 
97 2 Car -1 0 -1.000000 565.075576 171.100465 617.340463 221.551701 -1.000000 -1.000000 -1.000000 -1.000000 -1.000000 -1.000000 -1.000000 -1.000000 
98 2 Car -1 0 -1.000000 566.243082 173.315463 617.817301 223.097550 -1.000000 -1.000000 -1.000000 -1.000000 -1.000000 -1.000000 -1.000000 -1.000000 
99 2 Car -1 0 -1.000000 567.380283 175.473346 618.281000 224.602112 -1.000000 -1.000000 -1.000000 -1.000000 -1.000000 -1.000000 -1.000000 -1.000000 
100 2 Car -1 0 -1.000000 568.488376 177.576285 618.732065 226.067005 -1.000000 -1.000000 -1.000000 -1.000000 -1.000000 -1.000000 -1.000000 -1.000000 
101 2 Car -1 0 -1.000000 569.042500 177.726239 618.645267 225.588747 -1.000000 -1.000000 -1.000000 -1.000000 -1.000000 -1.000000 -1.000000 -1.000000 
102 2 Car -1 0 -1.000000 569.583193 177.872479 618.559850 225.122647 -1.000000 -1.000000 -1.000000 -1.000000 -1.000000 -1.000000 -1.000000 -1.000000 
103 2 Car -1 0 -1.000000 570.110968 178.015142 618.475772 224.668247 -1.000000 -1.000000 -1.000000 -1.000000 -1.000000 -1.000000 -1.000000 -1.000000 
104 2 Car -1 0 -1.000000 570.626315 178.154355 618.392994 224.225110 -1.000000 -1.000000 -1.000000 -1.000000 -1.000000 -1.000000 -1.000000 -1.000000 
105 2 Car -1 0 -1.000000 571.129698 178.290243 618.311476 223.792823 -1.000000 -1.000000 -1.000000 -1.000000 -1.000000 -1.000000 -1.000000 -1.000000 
106 2 Car -1 0 -1.000000 571.830673 177.968222 618.385939 222.865882 -1.000000 -1.000000 -1.000000 -1.000000 -1.000000 -1.000000 -1.000000 -1.000000 
107 2 Car -1 0 -1.000000 572.513275 177.654639 618.458450 221.963251 -1.000000 -1.000000 -1.000000 -1.000000 -1.000000 -1.000000 -1.000000 -1.000000 
108 2 Car -1 0 -1.000000 573.178217 177.349167 618.529084 221.083987 -1.000000 -1.000000 -1.000000 -1.000000 -1.000000 -1.000000 -1.000000 -1.000000 
109 2 Car -1 0 -1.000000 573.826176 177.051496 618.597913 220.227195 -1.000000 -1.000000 -1.000000 -1.000000 -1.000000 -1.000000 -1.000000 -1.000000 
109 7 Car -1 0 -1.000000 176.574788 177.408074 242.333816 203.137655 -1.000000 -1.000000 -1.000000 -1.000000 -1.000000 -1.000000 -1.000000 -1.000000 
110 2 Car -1 0 -1.000000 574.457794 176.761329 618.665005 219.392023 -1.000000 -1.000000 -1.000000 -1.000000 -1.000000 -1.000000 -1.000000 -1.000000 
110 7 Car -1 0 -1.000000 163.335377 178.073241 232.218860 204.620789 -1.000000 -1.000000 -1.000000 -1.000000 -1.000000 -1.000000 -1.000000 -1.000000 
111 2 Car -1 0 -1.000000 575.551973 177.676569 619.261142 219.827257 -1.000000 -1.000000 -1.000000 -1.000000 -1.000000 -1.000000 -1.000000 -1.000000 
111 7 Car -1 0 -1.000000 149.227368 178.782096 221.500587 206.201266 -1.000000 -1.000000 -1.000000 -1.000000 -1.000000 -1.000000 -1.000000 -1.000000 
112 2 Car -1 0 -1.000000 576.621762 178.571412 619.843985 220.252783 -1.000000 -1.000000 -1.000000 -1.000000 -1.000000 -1.000000 -1.000000 -1.000000 
112 7 Car -1 0 -1.000000 134.162387 179.539087 210.123363 207.888995 -1.000000 -1.000000 -1.000000 -1.000000 -1.000000 -1.000000 -1.000000 -1.000000 
112 9 Car -1 0 -1.000000 203.358412 179.436296 261.695572 204.861703 -1.000000 -1.000000 -1.000000 -1.000000 -1.000000 -1.000000 -1.000000 -1.000000 
113 2 Car -1 0 -1.000000 577.667968 179.446533 620.413975 220.668923 -1.000000 -1.000000 -1.000000 -1.000000 -1.000000 -1.000000 -1.000000 -1.000000 
113 7 Car -1 0 -1.000000 118.039639 180.349290 198.024491 209.695278 -1.000000 -1.000000 -1.000000 -1.000000 -1.000000 -1.000000 -1.000000 -1.000000 
113 9 Car -1 0 -1.000000 191.985753 180.258249 252.945515 206.433606 -1.000000 -1.000000 -1.000000 -1.000000 -1.000000 -1.000000 -1.000000 -1.000000 
114 2 Car -1 0 -1.000000 578.691361 180.302577 620.971532 221.075983 -1.000000 -1.000000 -1.000000 -1.000000 -1.000000 -1.000000 -1.000000 -1.000000 
114 7 Car -1 0 -1.000000 100.117334 179.902480 184.677935 210.354386 -1.000000 -1.000000 -1.000000 -1.000000 -1.000000 -1.000000 -1.000000 -1.000000 
114 9 Car -1 0 -1.000000 179.923262 181.081870 243.712512 208.100896 -1.000000 -1.000000 -1.000000 -1.000000 -1.000000 -1.000000 -1.000000 -1.000000 
115 2 Car -1 0 -1.000000 579.692680 181.061990 621.517059 221.474259 -1.000000 -1.000000 -1.000000 -1.000000 -1.000000 -1.000000 -1.000000 -1.000000 
115 7 Car -1 0 -1.000000 80.791784 179.420632 170.394127 211.065122 -1.000000 -1.000000 -1.000000 -1.000000 -1.000000 -1.000000 -1.000000 -1.000000 
115 9 Car -1 0 -1.000000 166.433919 179.681997 233.460654 207.543011 -1.000000 -1.000000 -1.000000 -1.000000 -1.000000 -1.000000 -1.000000 -1.000000 
116 2 Car -1 0 -1.000000 580.213525 180.892306 621.630688 220.890049 -1.000000 -1.000000 -1.000000 -1.000000 -1.000000 -1.000000 -1.000000 -1.000000 
116 7 Car -1 0 -1.000000 59.891468 178.899455 155.070752 211.833801 -1.000000 -1.000000 -1.000000 -1.000000 -1.000000 -1.000000 -1.000000 -1.000000 
116 9 Car -1 0 -1.000000 152.021896 178.134843 222.574532 206.946946 -1.000000 -1.000000 -1.000000 -1.000000 -1.000000 -1.000000 -1.000000 -1.000000 
117 2 Car -1 0 -1.000000 580.724324 180.725542 621.742124 220.317113 -1.000000 -1.000000 -1.000000 -1.000000 -1.000000 -1.000000 -1.000000 -1.000000 
117 7 Car -1 0 -1.000000 37.215730 178.333931 138.590039 212.667808 -1.000000 -1.000000 -1.000000 -1.000000 -1.000000 -1.000000 -1.000000 -1.000000 
117 8 Car -1 2 -1.000000 204.699013 175.373954 265.801959 200.407327 -1.000000 -1.000000 -1.000000 -1.000000 -1.000000 -1.000000 -1.000000 -1.000000 
117 9 Car -1 0 -1.000000 136.589173 176.478075 210.993408 206.308645 -1.000000 -1.000000 -1.000000 -1.000000 -1.000000 -1.000000 -1.000000 -1.000000 
118 2 Car -1 0 -1.000000 581.225366 180.561623 621.851430 219.755128 -1.000000 -1.000000 -1.000000 -1.000000 -1.000000 -1.000000 -1.000000 -1.000000 
118 7 Car -1 0 -1.000000 12.528302 177.718148 120.815727 213.575843 -1.000000 -1.000000 -1.000000 -1.000000 -1.000000 -1.000000 -1.000000 -1.000000 
118 8 Car -1 2 -1.000000 193.646469 178.489983 257.548642 204.286515 -1.000000 -1.000000 -1.000000 -1.000000 -1.000000 -1.000000 -1.000000 -1.000000 
118 9 Car -1 0 -1.000000 119.760939 178.767283 198.417954 209.699151 -1.000000 -1.000000 -1.000000 -1.000000 -1.000000 -1.000000 -1.000000 -1.000000 
119 2 Car -1 0 -1.000000 581.716927 180.397497 621.958668 219.203782 -1.000000 -1.000000 -1.000000 -1.000000 -1.000000 -1.000000 -1.000000 -1.000000 
119 8 Car -1 2 -1.000000 180.189709 179.089022 247.522237 205.792924 -1.000000 -1.000000 -1.000000 -1.000000 -1.000000 -1.000000 -1.000000 -1.000000 
119 9 Car -1 0 -1.000000 101.647484 181.159858 184.983208 213.348726 -1.000000 -1.000000 -1.000000 -1.000000 -1.000000 -1.000000 -1.000000 -1.000000 
120 2 Car -1 0 -1.000000 582.199274 180.220530 622.063895 218.662777 -1.000000 -1.000000 -1.000000 -1.000000 -1.000000 -1.000000 -1.000000 -1.000000 
120 8 Car -1 2 -1.000000 165.754369 179.731561 236.841582 207.408924 -1.000000 -1.000000 -1.000000 -1.000000 -1.000000 -1.000000 -1.000000 -1.000000 
120 9 Car -1 2 -1.000000 81.137261 181.182538 169.860395 214.707129 -1.000000 -1.000000 -1.000000 -1.000000 -1.000000 -1.000000 -1.000000 -1.000000 
121 2 Car -1 0 -1.000000 581.941747 180.239414 621.526578 218.411891 -1.000000 -1.000000 -1.000000 -1.000000 -1.000000 -1.000000 -1.000000 -1.000000 
121 8 Car -1 2 -1.000000 150.229677 180.422517 225.440480 209.146929 -1.000000 -1.000000 -1.000000 -1.000000 -1.000000 -1.000000 -1.000000 -1.000000 
121 9 Car -1 2 -1.000000 58.857161 181.206952 153.580870 216.182812 -1.000000 -1.000000 -1.000000 -1.000000 -1.000000 -1.000000 -1.000000 -1.000000 
122 2 Car -1 0 -1.000000 581.687807 180.258036 620.996749 218.164502 -1.000000 -1.000000 -1.000000 -1.000000 -1.000000 -1.000000 -1.000000 -1.000000 
122 8 Car -1 0 -1.000000 133.487483 181.131783 213.243495 211.021295 -1.000000 -1.000000 -1.000000 -1.000000 -1.000000 -1.000000 -1.000000 -1.000000 
122 9 Car -1 2 -1.000000 34.567757 181.233307 136.006644 217.791648 -1.000000 -1.000000 -1.000000 -1.000000 -1.000000 -1.000000 -1.000000 -1.000000 
123 2 Car -1 0 -1.000000 581.437381 180.276399 620.474252 217.920538 -1.000000 -1.000000 -1.000000 -1.000000 -1.000000 -1.000000 -1.000000 -1.000000 
123 8 Car -1 0 -1.000000 115.374534 180.747646 200.159236 211.818367 -1.000000 -1.000000 -1.000000 -1.000000 -1.000000 -1.000000 -1.000000 -1.000000 
123 9 Car -1 2 -1.000000 7.984410 181.261843 116.976878 219.552510 -1.000000 -1.000000 -1.000000 -1.000000 -1.000000 -1.000000 -1.000000 -1.000000 
124 2 Car -1 0 -1.000000 581.190395 180.294511 619.958936 217.679927 -1.000000 -1.000000 -1.000000 -1.000000 -1.000000 -1.000000 -1.000000 -1.000000 
124 8 Car -1 0 -1.000000 96.156644 180.757437 186.278894 213.071461 -1.000000 -1.000000 -1.000000 -1.000000 -1.000000 -1.000000 -1.000000 -1.000000 
125 2 Car -1 0 -1.000000 580.946779 180.312375 619.450654 217.442601 -1.000000 -1.000000 -1.000000 -1.000000 -1.000000 -1.000000 -1.000000 -1.000000 
125 8 Car -1 0 -1.000000 75.337495 180.768042 171.383339 214.429017 -1.000000 -1.000000 -1.000000 -1.000000 -1.000000 -1.000000 -1.000000 -1.000000 
126 2 Car -1 0 -1.000000 581.448997 179.528678 619.764840 216.476809 -1.000000 -1.000000 -1.000000 -1.000000 -1.000000 -1.000000 -1.000000 -1.000000 
126 8 Car -1 0 -1.000000 52.708253 180.779567 155.356965 215.904663 -1.000000 -1.000000 -1.000000 -1.000000 -1.000000 -1.000000 -1.000000 -1.000000 
127 2 Car -1 0 -1.000000 581.946330 178.752601 620.075970 215.520413 -1.000000 -1.000000 -1.000000 -1.000000 -1.000000 -1.000000 -1.000000 -1.000000 
127 8 Car -1 1 -1.000000 28.022129 180.792139 138.065924 217.514510 -1.000000 -1.000000 -1.000000 -1.000000 -1.000000 -1.000000 -1.000000 -1.000000 
128 2 Car -1 0 -1.000000 582.438851 177.984033 620.384089 214.573278 -1.000000 -1.000000 -1.000000 -1.000000 -1.000000 -1.000000 -1.000000 -1.000000 
128 8 Car -1 1 -1.000000 0.985326 180.804402 119.354372 219.277736 -1.000000 -1.000000 -1.000000 -1.000000 -1.000000 -1.000000 -1.000000 -1.000000 
129 2 Car -1 0 -1.000000 582.926628 177.222865 620.689239 213.635269 -1.000000 -1.000000 -1.000000 -1.000000 -1.000000 -1.000000 -1.000000 -1.000000 
130 2 Car -1 0 -1.000000 583.409730 176.468991 620.991463 212.706255 -1.000000 -1.000000 -1.000000 -1.000000 -1.000000 -1.000000 -1.000000 -1.000000 
131 2 Car -1 0 -1.000000 583.934569 176.773827 621.354154 212.854775 -1.000000 -1.000000 -1.000000 -1.000000 -1.000000 -1.000000 -1.000000 -1.000000 
132 2 Car -1 0 -1.000000 584.454895 177.076042 621.713726 213.002018 -1.000000 -1.000000 -1.000000 -1.000000 -1.000000 -1.000000 -1.000000 -1.000000 
133 2 Car -1 0 -1.000000 584.970767 177.375671 622.070219 213.148000 -1.000000 -1.000000 -1.000000 -1.000000 -1.000000 -1.000000 -1.000000 -1.000000 
134 2 Car -1 0 -1.000000 586.495240 175.948608 623.435851 211.566277 -1.000000 -1.000000 -1.000000 -1.000000 -1.000000 -1.000000 -1.000000 -1.000000 
135 2 Car -1 0 -1.000000 588.006680 174.533742 624.789804 209.998083 -1.000000 -1.000000 -1.000000 -1.000000 -1.000000 -1.000000 -1.000000 -1.000000 
136 2 Car -1 0 -1.000000 588.478467 173.196800 625.105176 208.509218 -1.000000 -1.000000 -1.000000 -1.000000 -1.000000 -1.000000 -1.000000 -1.000000 
137 2 Car -1 0 -1.000000 588.946257 171.871186 625.417875 207.032976 -1.000000 -1.000000 -1.000000 -1.000000 -1.000000 -1.000000 -1.000000 -1.000000 
138 2 Car -1 0 -1.000000 589.410099 170.556754 625.727935 205.569198 -1.000000 -1.000000 -1.000000 -1.000000 -1.000000 -1.000000 -1.000000 -1.000000 
139 2 Car -1 0 -1.000000 589.645381 175.442007 625.813959 210.313878 -1.000000 -1.000000 -1.000000 -1.000000 -1.000000 -1.000000 -1.000000 -1.000000 
140 2 Car -1 0 -1.000000 589.878736 180.287270 625.899278 215.019692 -1.000000 -1.000000 -1.000000 -1.000000 -1.000000 -1.000000 -1.000000 -1.000000 
141 2 Car -1 0 -1.000000 589.347270 179.466721 625.267638 214.102114 -1.000000 -1.000000 -1.000000 -1.000000 -1.000000 -1.000000 -1.000000 -1.000000 
142 2 Car -1 0 -1.000000 588.818746 178.650713 624.639495 213.189618 -1.000000 -1.000000 -1.000000 -1.000000 -1.000000 -1.000000 -1.000000 -1.000000 
143 2 Car -1 0 -1.000000 588.293141 177.839210 624.014822 212.282163 -1.000000 -1.000000 -1.000000 -1.000000 -1.000000 -1.000000 -1.000000 -1.000000 
