[ 120.85305023  231.34643555  383.70703125  329.73858643]
[ 343.52804565   41.14537048  403.58520508  119.26711273]
[ 449.0284729   181.29580688  375.09274292  176.29267883]
[ 302.50167847  142.12687683  549.15429688  189.51509094]
[ 153.05751038  110.70853424  129.97436523   61.5760498 ]
[ 260.07437134  283.56582642  241.6756134   264.38067627]
[ 630.31506348  151.08334351  561.56286621  235.9309082 ]
[ 387.65518188  167.21273804  545.82989502  177.08758545]
[ 361.0255127   163.32330322  414.28799438  180.02986145]
[-116.47044373   32.30126572   95.50678253   79.08864594]
[ 204.16120911  269.16098022  198.53866577  241.16815186]
[ 550.83691406  161.32102966  615.57855225  190.32141113]
[ 477.60592651  202.68423462  367.65917969  205.85388184]
[ 467.27893066  149.2771759   385.12545776  184.3106842 ]
[-27.71725273  42.9423027  -75.19978333  21.25197029]
[  99.20963287  207.50941467  444.84603882  250.99353027]
[ 441.48266602  166.11909485  637.21343994  211.59602356]
[ 426.15762329  101.96043396  622.934021    164.50444031]
[ 736.63635254  147.90174866  722.97418213  212.27120972]
[ 143.55867004   36.71553802  124.48540497   52.76703644]
[ 150.06587219  214.13978577  232.7797699   159.98420715]
[ 680.21185303  122.59178162  674.47576904  236.32092285]
[ 524.71166992  109.06839752  236.12919617  198.45419312]
[ 474.14477539  120.44759369  531.53875732  233.29960632]
[-101.6521759    27.1673584    13.34068203   40.82881165]
