0 1 Cyclist -1 0 -1.000000 554.607271 166.446404 666.107388 271.848343 -1.000000 -1.000000 -1.000000 -1.000000 -1.000000 -1.000000 -1.000000 -1.000000 
0 2 Car -1 0 -1.000000 459.663002 180.302131 566.883592 217.048024 -1.000000 -1.000000 -1.000000 -1.000000 -1.000000 -1.000000 -1.000000 -1.000000 
0 4 Car -1 0 -1.000000 655.028444 180.250482 688.762643 206.887586 -1.000000 -1.000000 -1.000000 -1.000000 -1.000000 -1.000000 -1.000000 -1.000000 
1 1 Cyclist -1 0 -1.000000 572.582749 166.236253 684.164510 271.110803 -1.000000 -1.000000 -1.000000 -1.000000 -1.000000 -1.000000 -1.000000 -1.000000 
1 2 Car -1 0 -1.000000 473.423837 180.036674 578.417871 216.822119 -1.000000 -1.000000 -1.000000 -1.000000 -1.000000 -1.000000 -1.000000 -1.000000 
1 4 Car -1 0 -1.000000 655.029120 180.248547 688.762244 206.885614 -1.000000 -1.000000 -1.000000 -1.000000 -1.000000 -1.000000 -1.000000 -1.000000 
2 1 Cyclist -1 0 -1.000000 590.389446 166.028140 702.046209 270.380552 -1.000000 -1.000000 -1.000000 -1.000000 -1.000000 -1.000000 -1.000000 -1.000000 
2 2 Car -1 0 -1.000000 487.328662 179.769651 591.348120 216.592316 -1.000000 -1.000000 -1.000000 -1.000000 -1.000000 -1.000000 -1.000000 -1.000000 
2 4 Car -1 1 -1.000000 655.029797 180.246612 688.761844 206.883642 -1.000000 -1.000000 -1.000000 -1.000000 -1.000000 -1.000000 -1.000000 -1.000000 
3 1 Cyclist -1 0 -1.000000 608.029725 165.822037 719.755026 269.657483 -1.000000 -1.000000 -1.000000 -1.000000 -1.000000 -1.000000 -1.000000 -1.000000 
3 2 Car -1 0 -1.000000 499.930253 179.745654 603.506040 216.554042 -1.000000 -1.000000 -1.000000 -1.000000 -1.000000 -1.000000 -1.000000 -1.000000 
3 4 Car -1 1 -1.000000 655.030473 180.244677 688.761445 206.881670 -1.000000 -1.000000 -1.000000 -1.000000 -1.000000 -1.000000 -1.000000 -1.000000 
4 1 Cyclist -1 0 -1.000000 626.725316 165.109824 738.210062 268.274195 -1.000000 -1.000000 -1.000000 -1.000000 -1.000000 -1.000000 -1.000000 -1.000000 
4 2 Car -1 0 -1.000000 512.136358 179.722858 615.437391 216.512763 -1.000000 -1.000000 -1.000000 -1.000000 -1.000000 -1.000000 -1.000000 -1.000000 
4 4 Car -1 2 -1.000000 655.031149 180.242742 688.761045 206.879697 -1.000000 -1.000000 -1.000000 -1.000000 -1.000000 -1.000000 -1.000000 -1.000000 
5 1 Cyclist -1 0 -1.000000 645.211816 165.433272 756.521245 267.952205 -1.000000 -1.000000 -1.000000 -1.000000 -1.000000 -1.000000 -1.000000 -1.000000 
5 2 Car -1 0 -1.000000 522.529295 179.701252 627.144001 216.468349 -1.000000 -1.000000 -1.000000 -1.000000 -1.000000 -1.000000 -1.000000 -1.000000 
5 4 Car -1 1 -1.000000 655.031825 180.240807 688.760646 206.877725 -1.000000 -1.000000 -1.000000 -1.000000 -1.000000 -1.000000 -1.000000 -1.000000 
6 1 Cyclist -1 0 -1.000000 662.770899 165.127285 774.328754 267.208384 -1.000000 -1.000000 -1.000000 -1.000000 -1.000000 -1.000000 -1.000000 -1.000000 
6 2 Car -1 0 -1.000000 533.534439 179.610234 638.904575 216.235105 -1.000000 -1.000000 -1.000000 -1.000000 -1.000000 -1.000000 -1.000000 -1.000000 
6 4 Car -1 0 -1.000000 655.032502 180.238872 688.760246 206.875753 -1.000000 -1.000000 -1.000000 -1.000000 -1.000000 -1.000000 -1.000000 -1.000000 
7 1 Cyclist -1 0 -1.000000 680.194553 165.312371 791.994060 266.965862 -1.000000 -1.000000 -1.000000 -1.000000 -1.000000 -1.000000 -1.000000 -1.000000 
7 2 Car -1 0 -1.000000 544.575125 179.521928 650.352250 215.999563 -1.000000 -1.000000 -1.000000 -1.000000 -1.000000 -1.000000 -1.000000 -1.000000 
7 4 Car -1 0 -1.000000 655.033178 180.236937 688.759847 206.873781 -1.000000 -1.000000 -1.000000 -1.000000 -1.000000 -1.000000 -1.000000 -1.000000 
8 1 Cyclist -1 0 -1.000000 697.476783 165.283258 809.509880 266.509889 -1.000000 -1.000000 -1.000000 -1.000000 -1.000000 -1.000000 -1.000000 -1.000000 
8 2 Car -1 0 -1.000000 555.652740 179.436267 661.494385 215.761661 -1.000000 -1.000000 -1.000000 -1.000000 -1.000000 -1.000000 -1.000000 -1.000000 
8 4 Car -1 1 -1.000000 655.033854 180.235002 688.759447 206.871808 -1.000000 -1.000000 -1.000000 -1.000000 -1.000000 -1.000000 -1.000000 -1.000000 
9 1 Cyclist -1 0 -1.000000 715.304368 165.055461 827.554791 265.829620 -1.000000 -1.000000 -1.000000 -1.000000 -1.000000 -1.000000 -1.000000 -1.000000 
9 2 Car -1 0 -1.000000 566.888816 179.409686 672.199932 215.488689 -1.000000 -1.000000 -1.000000 -1.000000 -1.000000 -1.000000 -1.000000 -1.000000 
9 4 Car -1 1 -1.000000 655.034530 180.233067 688.759048 206.869836 -1.000000 -1.000000 -1.000000 -1.000000 -1.000000 -1.000000 -1.000000 -1.000000 
10 1 Cyclist -1 0 -1.000000 732.986438 164.829897 845.422711 265.155189 -1.000000 -1.000000 -1.000000 -1.000000 -1.000000 -1.000000 -1.000000 -1.000000 
10 2 Car -1 0 -1.000000 578.120995 179.384855 682.551738 215.214421 -1.000000 -1.000000 -1.000000 -1.000000 -1.000000 -1.000000 -1.000000 -1.000000 
10 4 Car -1 1 -1.000000 655.035207 180.231132 688.758648 206.867864 -1.000000 -1.000000 -1.000000 -1.000000 -1.000000 -1.000000 -1.000000 -1.000000 
11 1 Cyclist -1 0 -1.000000 750.524794 164.606535 863.116197 264.486521 -1.000000 -1.000000 -1.000000 -1.000000 -1.000000 -1.000000 -1.000000 -1.000000 
11 2 Car -1 0 -1.000000 589.349710 179.361709 692.562191 214.938834 -1.000000 -1.000000 -1.000000 -1.000000 -1.000000 -1.000000 -1.000000 -1.000000 
11 4 Car -1 2 -1.000000 655.035883 180.229197 688.758249 206.865891 -1.000000 -1.000000 -1.000000 -1.000000 -1.000000 -1.000000 -1.000000 -1.000000 
12 1 Cyclist -1 0 -1.000000 767.921211 164.385341 880.637766 263.823542 -1.000000 -1.000000 -1.000000 -1.000000 -1.000000 -1.000000 -1.000000 -1.000000 
12 2 Car -1 0 -1.000000 600.574865 179.340181 702.243606 214.661920 -1.000000 -1.000000 -1.000000 -1.000000 -1.000000 -1.000000 -1.000000 -1.000000 
12 4 Car -1 2 -1.000000 655.036559 180.227261 688.757849 206.863919 -1.000000 -1.000000 -1.000000 -1.000000 -1.000000 -1.000000 -1.000000 -1.000000 
13 1 Cyclist -1 0 -1.000000 785.177428 164.166286 897.989874 263.166179 -1.000000 -1.000000 -1.000000 -1.000000 -1.000000 -1.000000 -1.000000 -1.000000 
13 2 Car -1 0 -1.000000 611.498553 179.467111 710.831851 214.405653 -1.000000 -1.000000 -1.000000 -1.000000 -1.000000 -1.000000 -1.000000 -1.000000 
13 3 Pedestrian -1 0 -1.000000 596.579203 180.219122 612.992995 211.326579 -1.000000 -1.000000 -1.000000 -1.000000 -1.000000 -1.000000 -1.000000 -1.000000 
13 4 Car -1 2 -1.000000 655.037236 180.225326 688.757450 206.861946 -1.000000 -1.000000 -1.000000 -1.000000 -1.000000 -1.000000 -1.000000 -1.000000 
14 1 Cyclist -1 0 -1.000000 802.295160 163.949338 915.174943 262.514363 -1.000000 -1.000000 -1.000000 -1.000000 -1.000000 -1.000000 -1.000000 -1.000000 
14 2 Car -1 0 -1.000000 622.369897 179.591560 719.042285 214.148560 -1.000000 -1.000000 -1.000000 -1.000000 -1.000000 -1.000000 -1.000000 -1.000000 
14 3 Pedestrian -1 0 -1.000000 593.898912 180.245695 610.335641 211.350022 -1.000000 -1.000000 -1.000000 -1.000000 -1.000000 -1.000000 -1.000000 -1.000000 
14 4 Car -1 2 -1.000000 655.037912 180.223391 688.757050 206.859974 -1.000000 -1.000000 -1.000000 -1.000000 -1.000000 -1.000000 -1.000000 -1.000000 
15 1 Cyclist -1 0 -1.000000 819.276094 163.734469 932.195344 261.868023 -1.000000 -1.000000 -1.000000 -1.000000 -1.000000 -1.000000 -1.000000 -1.000000 
15 2 Car -1 0 -1.000000 633.187954 179.713626 726.894271 213.890662 -1.000000 -1.000000 -1.000000 -1.000000 -1.000000 -1.000000 -1.000000 -1.000000 
15 3 Pedestrian -1 0 -1.000000 591.219208 180.272263 607.678863 211.373461 -1.000000 -1.000000 -1.000000 -1.000000 -1.000000 -1.000000 -1.000000 -1.000000 
15 4 Car -1 2 -1.000000 655.038588 180.221456 688.756651 206.858001 -1.000000 -1.000000 -1.000000 -1.000000 -1.000000 -1.000000 -1.000000 -1.000000 
16 1 Cyclist -1 0 -1.000000 836.531075 163.436990 949.482455 261.075417 -1.000000 -1.000000 -1.000000 -1.000000 -1.000000 -1.000000 -1.000000 -1.000000 
16 2 Car -1 0 -1.000000 643.951125 179.833408 734.406548 213.632001 -1.000000 -1.000000 -1.000000 -1.000000 -1.000000 -1.000000 -1.000000 -1.000000 
16 3 Pedestrian -1 1 -1.000000 588.540089 180.298825 605.022659 211.396895 -1.000000 -1.000000 -1.000000 -1.000000 -1.000000 -1.000000 -1.000000 -1.000000 
16 4 Car -1 2 -1.000000 655.039265 180.219521 688.756251 206.856029 -1.000000 -1.000000 -1.000000 -1.000000 -1.000000 -1.000000 -1.000000 -1.000000 
17 1 Cyclist -1 0 -1.000000 853.622882 163.142455 966.598233 260.290677 -1.000000 -1.000000 -1.000000 -1.000000 -1.000000 -1.000000 -1.000000 -1.000000 
17 2 Car -1 0 -1.000000 653.800380 179.609136 740.571196 212.859943 -1.000000 -1.000000 -1.000000 -1.000000 -1.000000 -1.000000 -1.000000 -1.000000 
17 3 Pedestrian -1 1 -1.000000 585.861554 180.325381 602.367031 211.420323 -1.000000 -1.000000 -1.000000 -1.000000 -1.000000 -1.000000 -1.000000 -1.000000 
17 4 Car -1 2 -1.000000 655.039941 180.217585 688.755852 206.854056 -1.000000 -1.000000 -1.000000 -1.000000 -1.000000 -1.000000 -1.000000 -1.000000 
18 1 Cyclist -1 0 -1.000000 870.553818 162.850821 983.545215 259.513687 -1.000000 -1.000000 -1.000000 -1.000000 -1.000000 -1.000000 -1.000000 -1.000000 
18 2 Car -1 0 -1.000000 663.510008 179.393661 746.429308 212.105011 -1.000000 -1.000000 -1.000000 -1.000000 -1.000000 -1.000000 -1.000000 -1.000000 
18 3 Pedestrian -1 1 -1.000000 583.183606 180.351931 599.711978 211.443746 -1.000000 -1.000000 -1.000000 -1.000000 -1.000000 -1.000000 -1.000000 -1.000000 
18 4 Car -1 1 -1.000000 655.040618 180.215650 688.755452 206.852084 -1.000000 -1.000000 -1.000000 -1.000000 -1.000000 -1.000000 -1.000000 -1.000000 
19 1 Cyclist -1 0 -1.000000 887.326142 162.562045 1000.325882 258.744331 -1.000000 -1.000000 -1.000000 -1.000000 -1.000000 -1.000000 -1.000000 -1.000000 
19 2 Car -1 0 -1.000000 673.081236 179.186475 752.000150 211.366751 -1.000000 -1.000000 -1.000000 -1.000000 -1.000000 -1.000000 -1.000000 -1.000000 
19 3 Pedestrian -1 1 -1.000000 580.506242 180.378476 597.057498 211.467165 -1.000000 -1.000000 -1.000000 -1.000000 -1.000000 -1.000000 -1.000000 -1.000000 
19 4 Car -1 1 -1.000000 655.041294 180.213715 688.755052 206.850111 -1.000000 -1.000000 -1.000000 -1.000000 -1.000000 -1.000000 -1.000000 -1.000000 
20 1 Cyclist -1 0 -1.000000 903.942075 162.276086 1016.942671 257.982499 -1.000000 -1.000000 -1.000000 -1.000000 -1.000000 -1.000000 -1.000000 -1.000000 
20 2 Car -1 0 -1.000000 682.514805 178.987098 757.301941 210.644745 -1.000000 -1.000000 -1.000000 -1.000000 -1.000000 -1.000000 -1.000000 -1.000000 
20 3 Pedestrian -1 1 -1.000000 577.829464 180.405014 594.403594 211.490578 -1.000000 -1.000000 -1.000000 -1.000000 -1.000000 -1.000000 -1.000000 -1.000000 
20 4 Car -1 0 -1.000000 655.041971 180.211780 688.754653 206.848139 -1.000000 -1.000000 -1.000000 -1.000000 -1.000000 -1.000000 -1.000000 -1.000000 
21 1 Cyclist -1 0 -1.000000 920.658995 162.001728 1033.607669 257.273217 -1.000000 -1.000000 -1.000000 -1.000000 -1.000000 -1.000000 -1.000000 -1.000000 
21 2 Car -1 0 -1.000000 689.594758 179.376956 760.399013 210.476644 -1.000000 -1.000000 -1.000000 -1.000000 -1.000000 -1.000000 -1.000000 -1.000000 
21 3 Pedestrian -1 0 -1.000000 575.153268 180.431548 591.750263 211.513986 -1.000000 -1.000000 -1.000000 -1.000000 -1.000000 -1.000000 -1.000000 -1.000000 
21 4 Car -1 0 -1.000000 655.042647 180.209844 688.754253 206.846166 -1.000000 -1.000000 -1.000000 -1.000000 -1.000000 -1.000000 -1.000000 -1.000000 
22 1 Cyclist -1 0 -1.000000 937.237028 161.729998 1050.112754 256.570127 -1.000000 -1.000000 -1.000000 -1.000000 -1.000000 -1.000000 -1.000000 -1.000000 
22 2 Car -1 0 -1.000000 696.521966 179.752925 763.324231 210.310870 -1.000000 -1.000000 -1.000000 -1.000000 -1.000000 -1.000000 -1.000000 -1.000000 
22 3 Pedestrian -1 0 -1.000000 572.477659 180.458075 589.097507 211.537389 -1.000000 -1.000000 -1.000000 -1.000000 -1.000000 -1.000000 -1.000000 -1.000000 
22 4 Car -1 0 -1.000000 655.043323 180.207909 688.753853 206.844194 -1.000000 -1.000000 -1.000000 -1.000000 -1.000000 -1.000000 -1.000000 -1.000000 
23 1 Cyclist -1 0 -1.000000 953.677910 161.460858 1066.460198 255.873149 -1.000000 -1.000000 -1.000000 -1.000000 -1.000000 -1.000000 -1.000000 -1.000000 
23 2 Car -1 0 -1.000000 703.300098 180.115806 766.089654 210.147361 -1.000000 -1.000000 -1.000000 -1.000000 -1.000000 -1.000000 -1.000000 -1.000000 
23 3 Pedestrian -1 0 -1.000000 569.802633 180.484596 586.445325 211.560786 -1.000000 -1.000000 -1.000000 -1.000000 -1.000000 -1.000000 -1.000000 -1.000000 
23 4 Car -1 0 -1.000000 655.044000 180.205974 688.753454 206.842221 -1.000000 -1.000000 -1.000000 -1.000000 -1.000000 -1.000000 -1.000000 -1.000000 
24 1 Cyclist -1 0 -1.000000 969.983358 161.194272 1082.652237 255.182204 -1.000000 -1.000000 -1.000000 -1.000000 -1.000000 -1.000000 -1.000000 -1.000000 
24 2 Car -1 0 -1.000000 709.932446 180.466342 768.706557 209.986063 -1.000000 -1.000000 -1.000000 -1.000000 -1.000000 -1.000000 -1.000000 -1.000000 
24 3 Pedestrian -1 1 -1.000000 567.128190 180.511112 583.793715 211.584179 -1.000000 -1.000000 -1.000000 -1.000000 -1.000000 -1.000000 -1.000000 -1.000000 
24 4 Car -1 0 -1.000000 655.044676 180.204038 688.753054 206.840248 -1.000000 -1.000000 -1.000000 -1.000000 -1.000000 -1.000000 -1.000000 -1.000000 
25 1 Cyclist -1 0 -1.000000 986.155043 160.930204 1098.691051 254.497214 -1.000000 -1.000000 -1.000000 -1.000000 -1.000000 -1.000000 -1.000000 -1.000000 
25 2 Car -1 0 -1.000000 716.702256 180.162145 770.235174 209.069731 -1.000000 -1.000000 -1.000000 -1.000000 -1.000000 -1.000000 -1.000000 -1.000000 
25 3 Pedestrian -1 1 -1.000000 564.454332 180.537622 581.142680 211.607566 -1.000000 -1.000000 -1.000000 -1.000000 -1.000000 -1.000000 -1.000000 -1.000000 
25 4 Car -1 0 -1.000000 655.045353 180.202103 688.752655 206.838276 -1.000000 -1.000000 -1.000000 -1.000000 -1.000000 -1.000000 -1.000000 -1.000000 
26 1 Cyclist -1 0 -1.000000 1002.194631 160.668618 1114.578799 253.818103 -1.000000 -1.000000 -1.000000 -1.000000 -1.000000 -1.000000 -1.000000 -1.000000 
26 2 Car -1 0 -1.000000 723.367813 179.870520 771.620589 208.179907 -1.000000 -1.000000 -1.000000 -1.000000 -1.000000 -1.000000 -1.000000 -1.000000 
26 3 Pedestrian -1 1 -1.000000 562.133646 180.538621 578.841701 211.605451 -1.000000 -1.000000 -1.000000 -1.000000 -1.000000 -1.000000 -1.000000 -1.000000 
26 4 Car -1 0 -1.000000 655.046030 180.200168 688.752255 206.836303 -1.000000 -1.000000 -1.000000 -1.000000 -1.000000 -1.000000 -1.000000 -1.000000 
27 1 Cyclist -1 0 -1.000000 1018.959460 160.888564 1131.819367 253.617950 -1.000000 -1.000000 -1.000000 -1.000000 -1.000000 -1.000000 -1.000000 -1.000000 
27 2 Car -1 0 -1.000000 726.497610 180.251765 773.660085 208.047838 -1.000000 -1.000000 -1.000000 -1.000000 -1.000000 -1.000000 -1.000000 -1.000000 
27 3 Pedestrian -1 1 -1.000000 559.813425 180.539620 576.541181 211.603336 -1.000000 -1.000000 -1.000000 -1.000000 -1.000000 -1.000000 -1.000000 -1.000000 
27 4 Car -1 0 -1.000000 655.046706 180.198232 688.751855 206.834330 -1.000000 -1.000000 -1.000000 -1.000000 -1.000000 -1.000000 -1.000000 -1.000000 
28 1 Cyclist -1 0 -1.000000 1035.573496 161.107095 1148.936168 253.419449 -1.000000 -1.000000 -1.000000 -1.000000 -1.000000 -1.000000 -1.000000 -1.000000 
28 2 Car -1 0 -1.000000 729.509689 180.619749 775.628621 207.920825 -1.000000 -1.000000 -1.000000 -1.000000 -1.000000 -1.000000 -1.000000 -1.000000 
28 3 Pedestrian -1 1 -1.000000 557.493671 180.540618 574.241119 211.601221 -1.000000 -1.000000 -1.000000 -1.000000 -1.000000 -1.000000 -1.000000 -1.000000 
28 4 Car -1 0 -1.000000 655.047383 180.196297 688.751456 206.832357 -1.000000 -1.000000 -1.000000 -1.000000 -1.000000 -1.000000 -1.000000 -1.000000 
29 1 Cyclist -1 0 -1.000000 1052.038936 161.324224 1165.930357 253.222583 -1.000000 -1.000000 -1.000000 -1.000000 -1.000000 -1.000000 -1.000000 -1.000000 
29 2 Car -1 0 -1.000000 733.040176 180.487960 774.845047 207.202062 -1.000000 -1.000000 -1.000000 -1.000000 -1.000000 -1.000000 -1.000000 -1.000000 
29 3 Pedestrian -1 1 -1.000000 555.174384 180.541616 571.941515 211.599107 -1.000000 -1.000000 -1.000000 -1.000000 -1.000000 -1.000000 -1.000000 -1.000000 
29 4 Car -1 0 -1.000000 655.048059 180.194361 688.751056 206.830385 -1.000000 -1.000000 -1.000000 -1.000000 -1.000000 -1.000000 -1.000000 -1.000000 
30 1 Cyclist -1 1 -1.000000 1068.357932 161.539968 1182.803068 253.027334 -1.000000 -1.000000 -1.000000 -1.000000 -1.000000 -1.000000 -1.000000 -1.000000 
30 2 Car -1 0 -1.000000 736.504534 180.361886 774.045233 206.507428 -1.000000 -1.000000 -1.000000 -1.000000 -1.000000 -1.000000 -1.000000 -1.000000 
30 3 Pedestrian -1 0 -1.000000 552.514370 180.546482 569.304010 211.600328 -1.000000 -1.000000 -1.000000 -1.000000 -1.000000 -1.000000 -1.000000 -1.000000 
30 4 Car -1 0 -1.000000 655.048736 180.192426 688.750656 206.828412 -1.000000 -1.000000 -1.000000 -1.000000 -1.000000 -1.000000 -1.000000 -1.000000 
31 1 Cyclist -1 1 -1.000000 1084.532608 161.754339 1199.555421 252.833685 -1.000000 -1.000000 -1.000000 -1.000000 -1.000000 -1.000000 -1.000000 -1.000000 
31 2 Car -1 0 -1.000000 738.596695 181.014861 774.767255 206.716838 -1.000000 -1.000000 -1.000000 -1.000000 -1.000000 -1.000000 -1.000000 -1.000000 
31 3 Pedestrian -1 0 -1.000000 549.854989 180.551347 566.667127 211.601549 -1.000000 -1.000000 -1.000000 -1.000000 -1.000000 -1.000000 -1.000000 -1.000000 
31 4 Car -1 0 -1.000000 655.049412 180.190491 688.750256 206.826439 -1.000000 -1.000000 -1.000000 -1.000000 -1.000000 -1.000000 -1.000000 -1.000000 
32 1 Cyclist -1 1 -1.000000 1098.668505 161.432621 1214.045986 252.272196 -1.000000 -1.000000 -1.000000 -1.000000 -1.000000 -1.000000 -1.000000 -1.000000 
32 2 Car -1 0 -1.000000 740.613774 181.645157 775.463019 206.919271 -1.000000 -1.000000 -1.000000 -1.000000 -1.000000 -1.000000 -1.000000 -1.000000 
32 3 Pedestrian -1 0 -1.000000 547.196240 180.556211 564.030866 211.602770 -1.000000 -1.000000 -1.000000 -1.000000 -1.000000 -1.000000 -1.000000 -1.000000 
32 4 Car -1 0 -1.000000 655.050089 180.188555 688.749857 206.824466 -1.000000 -1.000000 -1.000000 -1.000000 -1.000000 -1.000000 -1.000000 -1.000000 
33 1 Cyclist -1 1 -1.000000 1112.732578 161.112384 1228.469646 251.713680 -1.000000 -1.000000 -1.000000 -1.000000 -1.000000 -1.000000 -1.000000 -1.000000 
33 3 Pedestrian -1 0 -1.000000 544.111989 180.566164 560.972627 211.608417 -1.000000 -1.000000 -1.000000 -1.000000 -1.000000 -1.000000 -1.000000 -1.000000 
33 4 Car -1 0 -1.000000 655.050766 180.186620 688.749457 206.822493 -1.000000 -1.000000 -1.000000 -1.000000 -1.000000 -1.000000 -1.000000 -1.000000 
34 3 Pedestrian -1 0 -1.000000 541.880638 180.565935 558.760205 211.605210 -1.000000 -1.000000 -1.000000 -1.000000 -1.000000 -1.000000 -1.000000 -1.000000 
34 4 Car -1 0 -1.000000 655.051442 180.184684 688.749057 206.820520 -1.000000 -1.000000 -1.000000 -1.000000 -1.000000 -1.000000 -1.000000 -1.000000 
35 3 Pedestrian -1 0 -1.000000 538.391944 180.578799 555.300864 211.613118 -1.000000 -1.000000 -1.000000 -1.000000 -1.000000 -1.000000 -1.000000 -1.000000 
35 4 Car -1 0 -1.000000 655.052119 180.182749 688.748658 206.818547 -1.000000 -1.000000 -1.000000 -1.000000 -1.000000 -1.000000 -1.000000 -1.000000 
36 3 Pedestrian -1 0 -1.000000 534.904393 180.591658 551.842645 211.621023 -1.000000 -1.000000 -1.000000 -1.000000 -1.000000 -1.000000 -1.000000 -1.000000 
36 4 Car -1 0 -1.000000 655.052796 180.180813 688.748258 206.816575 -1.000000 -1.000000 -1.000000 -1.000000 -1.000000 -1.000000 -1.000000 -1.000000 
37 3 Pedestrian -1 0 -1.000000 532.041983 180.555020 549.003088 211.596661 -1.000000 -1.000000 -1.000000 -1.000000 -1.000000 -1.000000 -1.000000 -1.000000 
37 4 Car -1 0 -1.000000 655.053472 180.178878 688.747858 206.814602 -1.000000 -1.000000 -1.000000 -1.000000 -1.000000 -1.000000 -1.000000 -1.000000 
38 3 Pedestrian -1 0 -1.000000 529.177244 180.518356 546.161417 211.572277 -1.000000 -1.000000 -1.000000 -1.000000 -1.000000 -1.000000 -1.000000 -1.000000 
38 4 Car -1 0 -1.000000 655.054149 180.176942 688.747458 206.812629 -1.000000 -1.000000 -1.000000 -1.000000 -1.000000 -1.000000 -1.000000 -1.000000 
39 3 Pedestrian -1 0 -1.000000 526.310174 180.481665 543.317629 211.547873 -1.000000 -1.000000 -1.000000 -1.000000 -1.000000 -1.000000 -1.000000 -1.000000 
39 4 Car -1 0 -1.000000 655.054826 180.175006 688.747058 206.810656 -1.000000 -1.000000 -1.000000 -1.000000 -1.000000 -1.000000 -1.000000 -1.000000 
40 3 Pedestrian -1 0 -1.000000 523.440769 180.444947 540.471723 211.523447 -1.000000 -1.000000 -1.000000 -1.000000 -1.000000 -1.000000 -1.000000 -1.000000 
40 4 Car -1 0 -1.000000 655.055502 180.173071 688.746659 206.808683 -1.000000 -1.000000 -1.000000 -1.000000 -1.000000 -1.000000 -1.000000 -1.000000 
41 3 Pedestrian -1 0 -1.000000 520.569028 180.408202 537.623696 211.499001 -1.000000 -1.000000 -1.000000 -1.000000 -1.000000 -1.000000 -1.000000 -1.000000 
41 4 Car -1 0 -1.000000 655.056179 180.171135 688.746259 206.806709 -1.000000 -1.000000 -1.000000 -1.000000 -1.000000 -1.000000 -1.000000 -1.000000 
42 3 Pedestrian -1 0 -1.000000 517.694946 180.371431 534.773544 211.474534 -1.000000 -1.000000 -1.000000 -1.000000 -1.000000 -1.000000 -1.000000 -1.000000 
42 4 Car -1 0 -1.000000 655.056856 180.169200 688.745859 206.804736 -1.000000 -1.000000 -1.000000 -1.000000 -1.000000 -1.000000 -1.000000 -1.000000 
43 3 Pedestrian -1 0 -1.000000 517.698964 180.293656 534.776207 211.412098 -1.000000 -1.000000 -1.000000 -1.000000 -1.000000 -1.000000 -1.000000 -1.000000 
43 4 Car -1 0 -1.000000 655.057533 180.167264 688.745459 206.802763 -1.000000 -1.000000 -1.000000 -1.000000 -1.000000 -1.000000 -1.000000 -1.000000 
44 3 Pedestrian -1 0 -1.000000 514.689706 180.257696 531.792373 211.388349 -1.000000 -1.000000 -1.000000 -1.000000 -1.000000 -1.000000 -1.000000 -1.000000 
44 4 Car -1 0 -1.000000 655.058210 180.165328 688.745059 206.800790 -1.000000 -1.000000 -1.000000 -1.000000 -1.000000 -1.000000 -1.000000 -1.000000 
45 3 Pedestrian -1 0 -1.000000 511.678014 180.221670 528.806334 211.364580 -1.000000 -1.000000 -1.000000 -1.000000 -1.000000 -1.000000 -1.000000 -1.000000 
45 4 Car -1 0 -1.000000 655.058886 180.163393 688.744660 206.798817 -1.000000 -1.000000 -1.000000 -1.000000 -1.000000 -1.000000 -1.000000 -1.000000 
46 3 Pedestrian -1 0 -1.000000 508.663885 180.185126 525.818088 211.340791 -1.000000 -1.000000 -1.000000 -1.000000 -1.000000 -1.000000 -1.000000 -1.000000 
46 4 Car -1 0 -1.000000 655.059563 180.161457 688.744260 206.796844 -1.000000 -1.000000 -1.000000 -1.000000 -1.000000 -1.000000 -1.000000 -1.000000 
47 3 Pedestrian -1 0 -1.000000 506.145709 180.185318 523.337176 211.348620 -1.000000 -1.000000 -1.000000 -1.000000 -1.000000 -1.000000 -1.000000 -1.000000 
47 4 Car -1 0 -1.000000 655.060240 180.159521 688.743860 206.794871 -1.000000 -1.000000 -1.000000 -1.000000 -1.000000 -1.000000 -1.000000 -1.000000 
48 3 Pedestrian -1 0 -1.000000 503.626322 180.185511 520.854858 211.356452 -1.000000 -1.000000 -1.000000 -1.000000 -1.000000 -1.000000 -1.000000 -1.000000 
48 4 Car -1 0 -1.000000 655.060917 180.157585 688.743460 206.792897 -1.000000 -1.000000 -1.000000 -1.000000 -1.000000 -1.000000 -1.000000 -1.000000 
49 3 Pedestrian -1 0 -1.000000 501.105724 180.185703 518.371133 211.364287 -1.000000 -1.000000 -1.000000 -1.000000 -1.000000 -1.000000 -1.000000 -1.000000 
49 4 Car -1 0 -1.000000 655.061594 180.155650 688.743060 206.790924 -1.000000 -1.000000 -1.000000 -1.000000 -1.000000 -1.000000 -1.000000 -1.000000 
50 3 Pedestrian -1 0 -1.000000 498.583913 180.185897 515.885998 211.372126 -1.000000 -1.000000 -1.000000 -1.000000 -1.000000 -1.000000 -1.000000 -1.000000 
50 4 Car -1 0 -1.000000 655.062271 180.153714 688.742660 206.788951 -1.000000 -1.000000 -1.000000 -1.000000 -1.000000 -1.000000 -1.000000 -1.000000 
51 3 Pedestrian -1 0 -1.000000 496.060889 180.185993 513.399454 211.379967 -1.000000 -1.000000 -1.000000 -1.000000 -1.000000 -1.000000 -1.000000 -1.000000 
51 4 Car -1 0 -1.000000 655.062947 180.151778 688.742260 206.786978 -1.000000 -1.000000 -1.000000 -1.000000 -1.000000 -1.000000 -1.000000 -1.000000 
52 3 Pedestrian -1 0 -1.000000 493.536651 180.186052 510.911498 211.387812 -1.000000 -1.000000 -1.000000 -1.000000 -1.000000 -1.000000 -1.000000 -1.000000 
52 4 Car -1 0 -1.000000 655.063624 180.149842 688.741861 206.785004 -1.000000 -1.000000 -1.000000 -1.000000 -1.000000 -1.000000 -1.000000 -1.000000 
53 3 Pedestrian -1 0 -1.000000 490.539760 180.117424 508.022735 211.320378 -1.000000 -1.000000 -1.000000 -1.000000 -1.000000 -1.000000 -1.000000 -1.000000 
53 4 Car -1 0 -1.000000 655.064301 180.147907 688.741461 206.783031 -1.000000 -1.000000 -1.000000 -1.000000 -1.000000 -1.000000 -1.000000 -1.000000 
54 3 Pedestrian -1 0 -1.000000 487.545211 180.048765 505.129315 211.252876 -1.000000 -1.000000 -1.000000 -1.000000 -1.000000 -1.000000 -1.000000 -1.000000 
54 4 Car -1 0 -1.000000 655.064978 180.145971 688.741061 206.781058 -1.000000 -1.000000 -1.000000 -1.000000 -1.000000 -1.000000 -1.000000 -1.000000 
55 3 Pedestrian -1 0 -1.000000 484.553024 179.980077 502.231210 211.185308 -1.000000 -1.000000 -1.000000 -1.000000 -1.000000 -1.000000 -1.000000 -1.000000 
55 4 Car -1 0 -1.000000 655.065655 180.144035 688.740661 206.779084 -1.000000 -1.000000 -1.000000 -1.000000 -1.000000 -1.000000 -1.000000 -1.000000 
56 3 Pedestrian -1 0 -1.000000 481.563221 179.911357 499.328395 211.117675 -1.000000 -1.000000 -1.000000 -1.000000 -1.000000 -1.000000 -1.000000 -1.000000 
56 4 Car -1 0 -1.000000 655.066332 180.142099 688.740261 206.777111 -1.000000 -1.000000 -1.000000 -1.000000 -1.000000 -1.000000 -1.000000 -1.000000 
57 3 Pedestrian -1 0 -1.000000 480.409927 179.789327 498.103757 211.020219 -1.000000 -1.000000 -1.000000 -1.000000 -1.000000 -1.000000 -1.000000 -1.000000 
57 4 Car -1 0 -1.000000 655.067009 180.140163 688.739861 206.775138 -1.000000 -1.000000 -1.000000 -1.000000 -1.000000 -1.000000 -1.000000 -1.000000 
58 3 Pedestrian -1 0 -1.000000 477.394594 179.679750 495.157100 210.916995 -1.000000 -1.000000 -1.000000 -1.000000 -1.000000 -1.000000 -1.000000 -1.000000 
58 4 Car -1 0 -1.000000 655.067686 180.138227 688.739461 206.773164 -1.000000 -1.000000 -1.000000 -1.000000 -1.000000 -1.000000 -1.000000 -1.000000 
59 3 Pedestrian -1 0 -1.000000 474.379015 179.570088 492.206965 210.813705 -1.000000 -1.000000 -1.000000 -1.000000 -1.000000 -1.000000 -1.000000 -1.000000 
59 4 Car -1 0 -1.000000 655.068363 180.136291 688.739061 206.771191 -1.000000 -1.000000 -1.000000 -1.000000 -1.000000 -1.000000 -1.000000 -1.000000 
60 3 Pedestrian -1 0 -1.000000 471.363197 179.460341 489.253343 210.710351 -1.000000 -1.000000 -1.000000 -1.000000 -1.000000 -1.000000 -1.000000 -1.000000 
60 4 Car -1 0 -1.000000 655.069040 180.134356 688.738661 206.769217 -1.000000 -1.000000 -1.000000 -1.000000 -1.000000 -1.000000 -1.000000 -1.000000 
61 3 Pedestrian -1 0 -1.000000 468.347144 179.350511 486.296221 210.606933 -1.000000 -1.000000 -1.000000 -1.000000 -1.000000 -1.000000 -1.000000 -1.000000 
61 4 Car -1 0 -1.000000 655.069717 180.132420 688.738261 206.767244 -1.000000 -1.000000 -1.000000 -1.000000 -1.000000 -1.000000 -1.000000 -1.000000 
62 3 Pedestrian -1 0 -1.000000 465.963612 179.256040 483.937210 210.507794 -1.000000 -1.000000 -1.000000 -1.000000 -1.000000 -1.000000 -1.000000 -1.000000 
62 4 Car -1 0 -1.000000 655.070394 180.130484 688.737861 206.765270 -1.000000 -1.000000 -1.000000 -1.000000 -1.000000 -1.000000 -1.000000 -1.000000 
63 3 Pedestrian -1 0 -1.000000 463.580915 179.161586 481.578496 210.408684 -1.000000 -1.000000 -1.000000 -1.000000 -1.000000 -1.000000 -1.000000 -1.000000 
63 4 Car -1 0 -1.000000 655.071071 180.128548 688.737461 206.763297 -1.000000 -1.000000 -1.000000 -1.000000 -1.000000 -1.000000 -1.000000 -1.000000 
64 3 Pedestrian -1 0 -1.000000 461.199051 179.067150 479.220079 210.309603 -1.000000 -1.000000 -1.000000 -1.000000 -1.000000 -1.000000 -1.000000 -1.000000 
64 4 Car -1 0 -1.000000 655.071748 180.126612 688.737061 206.761323 -1.000000 -1.000000 -1.000000 -1.000000 -1.000000 -1.000000 -1.000000 -1.000000 
65 3 Pedestrian -1 0 -1.000000 458.818021 178.972730 476.861960 210.210551 -1.000000 -1.000000 -1.000000 -1.000000 -1.000000 -1.000000 -1.000000 -1.000000 
65 4 Car -1 0 -1.000000 655.072425 180.124676 688.736661 206.759350 -1.000000 -1.000000 -1.000000 -1.000000 -1.000000 -1.000000 -1.000000 -1.000000 
66 3 Pedestrian -1 0 -1.000000 456.437824 178.878328 474.504137 210.111528 -1.000000 -1.000000 -1.000000 -1.000000 -1.000000 -1.000000 -1.000000 -1.000000 
66 4 Car -1 0 -1.000000 655.073102 180.122740 688.736261 206.757376 -1.000000 -1.000000 -1.000000 -1.000000 -1.000000 -1.000000 -1.000000 -1.000000 
67 3 Pedestrian -1 0 -1.000000 453.720887 179.004100 471.794774 210.227460 -1.000000 -1.000000 -1.000000 -1.000000 -1.000000 -1.000000 -1.000000 -1.000000 
67 4 Car -1 0 -1.000000 655.073779 180.120804 688.735861 206.755402 -1.000000 -1.000000 -1.000000 -1.000000 -1.000000 -1.000000 -1.000000 -1.000000 
68 3 Pedestrian -1 0 -1.000000 451.005673 179.129781 469.087325 210.343320 -1.000000 -1.000000 -1.000000 -1.000000 -1.000000 -1.000000 -1.000000 -1.000000 
68 4 Car -1 0 -1.000000 655.074457 180.118868 688.735461 206.753429 -1.000000 -1.000000 -1.000000 -1.000000 -1.000000 -1.000000 -1.000000 -1.000000 
69 3 Pedestrian -1 0 -1.000000 448.292181 179.255370 466.381789 210.459108 -1.000000 -1.000000 -1.000000 -1.000000 -1.000000 -1.000000 -1.000000 -1.000000 
69 4 Car -1 0 -1.000000 655.075134 180.116932 688.735061 206.751455 -1.000000 -1.000000 -1.000000 -1.000000 -1.000000 -1.000000 -1.000000 -1.000000 
70 3 Pedestrian -1 0 -1.000000 446.079886 179.372387 464.163436 210.548167 -1.000000 -1.000000 -1.000000 -1.000000 -1.000000 -1.000000 -1.000000 -1.000000 
70 4 Car -1 0 -1.000000 655.075811 180.114996 688.734661 206.749481 -1.000000 -1.000000 -1.000000 -1.000000 -1.000000 -1.000000 -1.000000 -1.000000 
71 3 Pedestrian -1 0 -1.000000 443.817833 179.123938 461.899317 210.278590 -1.000000 -1.000000 -1.000000 -1.000000 -1.000000 -1.000000 -1.000000 -1.000000 
71 4 Car -1 0 -1.000000 655.076488 180.113059 688.734261 206.747508 -1.000000 -1.000000 -1.000000 -1.000000 -1.000000 -1.000000 -1.000000 -1.000000 
72 3 Pedestrian -1 0 -1.000000 441.558985 178.875866 459.638531 210.009386 -1.000000 -1.000000 -1.000000 -1.000000 -1.000000 -1.000000 -1.000000 -1.000000 
72 4 Car -1 0 -1.000000 655.077165 180.111123 688.733861 206.745534 -1.000000 -1.000000 -1.000000 -1.000000 -1.000000 -1.000000 -1.000000 -1.000000 
73 3 Pedestrian -1 0 -1.000000 439.303336 178.628169 457.381073 209.740554 -1.000000 -1.000000 -1.000000 -1.000000 -1.000000 -1.000000 -1.000000 -1.000000 
73 4 Car -1 0 -1.000000 655.077842 180.109187 688.733461 206.743560 -1.000000 -1.000000 -1.000000 -1.000000 -1.000000 -1.000000 -1.000000 -1.000000 
74 3 Pedestrian -1 0 -1.000000 437.050879 178.380846 455.126933 209.472092 -1.000000 -1.000000 -1.000000 -1.000000 -1.000000 -1.000000 -1.000000 -1.000000 
74 4 Car -1 0 -1.000000 655.078520 180.107251 688.733061 206.741586 -1.000000 -1.000000 -1.000000 -1.000000 -1.000000 -1.000000 -1.000000 -1.000000 
75 3 Pedestrian -1 0 -1.000000 434.801609 178.133897 452.876105 209.204000 -1.000000 -1.000000 -1.000000 -1.000000 -1.000000 -1.000000 -1.000000 -1.000000 
75 4 Car -1 0 -1.000000 655.079197 180.105315 688.732661 206.739612 -1.000000 -1.000000 -1.000000 -1.000000 -1.000000 -1.000000 -1.000000 -1.000000 
76 3 Pedestrian -1 0 -1.000000 432.555517 177.887321 450.628579 208.936278 -1.000000 -1.000000 -1.000000 -1.000000 -1.000000 -1.000000 -1.000000 -1.000000 
76 4 Car -1 0 -1.000000 655.079874 180.103379 688.732260 206.737639 -1.000000 -1.000000 -1.000000 -1.000000 -1.000000 -1.000000 -1.000000 -1.000000 
77 4 Car -1 0 -1.000000 655.080551 180.101443 688.731860 206.735665 -1.000000 -1.000000 -1.000000 -1.000000 -1.000000 -1.000000 -1.000000 -1.000000 
