0 1 Van -1 0 -1.000000 296.799808 161.772736 455.330324 292.425914 -1.000000 -1.000000 -1.000000 -1.000000 -1.000000 -1.000000 -1.000000 -1.000000 
0 2 Cyclist -1 0 -1.000000 737.924572 161.577853 932.264910 421.422379 -1.000000 -1.000000 -1.000000 -1.000000 -1.000000 -1.000000 -1.000000 -1.000000 
0 3 Pedestrian -1 0 -1.000000 1086.699389 166.606420 1221.326689 323.961635 -1.000000 -1.000000 -1.000000 -1.000000 -1.000000 -1.000000 -1.000000 -1.000000 
1 1 Van -1 0 -1.000000 294.952711 156.043128 452.301755 284.671662 -1.000000 -1.000000 -1.000000 -1.000000 -1.000000 -1.000000 -1.000000 -1.000000 
1 2 Cyclist -1 0 -1.000000 745.324907 156.436235 939.925282 415.901495 -1.000000 -1.000000 -1.000000 -1.000000 -1.000000 -1.000000 -1.000000 -1.000000 
2 1 Van -1 0 -1.000000 293.146602 150.487398 449.359102 277.152106 -1.000000 -1.000000 -1.000000 -1.000000 -1.000000 -1.000000 -1.000000 -1.000000 
2 2 Cyclist -1 0 -1.000000 752.716546 151.288762 947.579633 410.388596 -1.000000 -1.000000 -1.000000 -1.000000 -1.000000 -1.000000 -1.000000 -1.000000 
3 1 Van -1 0 -1.000000 291.380213 145.097882 446.498627 269.856883 -1.000000 -1.000000 -1.000000 -1.000000 -1.000000 -1.000000 -1.000000 -1.000000 
3 2 Cyclist -1 0 -1.000000 760.099752 146.135749 955.227593 404.884051 -1.000000 -1.000000 -1.000000 -1.000000 -1.000000 -1.000000 -1.000000 -1.000000 
4 1 Van -1 0 -1.000000 290.339023 146.657821 444.483094 269.518142 -1.000000 -1.000000 -1.000000 -1.000000 -1.000000 -1.000000 -1.000000 -1.000000 
4 2 Cyclist -1 0 -1.000000 767.474790 140.977511 962.868788 399.388228 -1.000000 -1.000000 -1.000000 -1.000000 -1.000000 -1.000000 -1.000000 -1.000000 
5 1 Van -1 0 -1.000000 289.322002 148.171250 442.522957 269.188933 -1.000000 -1.000000 -1.000000 -1.000000 -1.000000 -1.000000 -1.000000 -1.000000 
5 2 Cyclist -1 0 -1.000000 766.436696 144.091048 965.161411 401.457010 -1.000000 -1.000000 -1.000000 -1.000000 -1.000000 -1.000000 -1.000000 -1.000000 
5 4 Van -1 2 -1.000000 371.282454 156.489362 456.158567 198.955432 -1.000000 -1.000000 -1.000000 -1.000000 -1.000000 -1.000000 -1.000000 -1.000000 
6 1 Van -1 0 -1.000000 288.094106 147.127019 439.418878 266.486401 -1.000000 -1.000000 -1.000000 -1.000000 -1.000000 -1.000000 -1.000000 -1.000000 
6 2 Cyclist -1 0 -1.000000 765.442736 147.162021 967.348004 403.487444 -1.000000 -1.000000 -1.000000 -1.000000 -1.000000 -1.000000 -1.000000 -1.000000 
6 4 Van -1 2 -1.000000 379.419195 159.152639 464.550040 201.771683 -1.000000 -1.000000 -1.000000 -1.000000 -1.000000 -1.000000 -1.000000 -1.000000 
7 1 Van -1 0 -1.000000 286.902828 148.676046 436.412304 266.430678 -1.000000 -1.000000 -1.000000 -1.000000 -1.000000 -1.000000 -1.000000 -1.000000 
7 2 Cyclist -1 0 -1.000000 764.493443 150.190503 969.429223 405.479160 -1.000000 -1.000000 -1.000000 -1.000000 -1.000000 -1.000000 -1.000000 -1.000000 
7 4 Van -1 2 -1.000000 387.632183 161.842319 473.016265 204.635930 -1.000000 -1.000000 -1.000000 -1.000000 -1.000000 -1.000000 -1.000000 -1.000000 
8 1 Van -1 0 -1.000000 285.742704 151.773033 433.492282 267.970806 -1.000000 -1.000000 -1.000000 -1.000000 -1.000000 -1.000000 -1.000000 -1.000000 
8 2 Cyclist -1 0 -1.000000 763.589345 153.176603 971.405814 407.431825 -1.000000 -1.000000 -1.000000 -1.000000 -1.000000 -1.000000 -1.000000 -1.000000 
8 4 Van -1 2 -1.000000 395.922225 164.558695 481.558474 207.564465 -1.000000 -1.000000 -1.000000 -1.000000 -1.000000 -1.000000 -1.000000 -1.000000 
9 1 Van -1 0 -1.000000 284.592377 151.857347 430.622137 266.529098 -1.000000 -1.000000 -1.000000 -1.000000 -1.000000 -1.000000 -1.000000 -1.000000 
9 2 Cyclist -1 0 -1.000000 762.730965 156.120463 973.278606 409.345139 -1.000000 -1.000000 -1.000000 -1.000000 -1.000000 -1.000000 -1.000000 -1.000000 
9 4 Van -1 2 -1.000000 404.290136 167.302061 490.177923 210.521585 -1.000000 -1.000000 -1.000000 -1.000000 -1.000000 -1.000000 -1.000000 -1.000000 
10 1 Van -1 0 -1.000000 283.492605 158.085630 427.866989 271.291060 -1.000000 -1.000000 -1.000000 -1.000000 -1.000000 -1.000000 -1.000000 -1.000000 
10 2 Cyclist -1 0 -1.000000 761.082686 156.408078 968.864658 406.391259 -1.000000 -1.000000 -1.000000 -1.000000 -1.000000 -1.000000 -1.000000 -1.000000 
10 4 Van -1 1 -1.000000 412.736744 170.072720 498.875896 213.507607 -1.000000 -1.000000 -1.000000 -1.000000 -1.000000 -1.000000 -1.000000 -1.000000 
11 1 Van -1 0 -1.000000 282.489634 158.398044 425.792748 270.340763 -1.000000 -1.000000 -1.000000 -1.000000 -1.000000 -1.000000 -1.000000 -1.000000 
11 2 Cyclist -1 0 -1.000000 759.465372 156.688472 964.561574 403.511810 -1.000000 -1.000000 -1.000000 -1.000000 -1.000000 -1.000000 -1.000000 -1.000000 
11 4 Van -1 1 -1.000000 419.442813 169.353259 506.125867 213.078785 -1.000000 -1.000000 -1.000000 -1.000000 -1.000000 -1.000000 -1.000000 -1.000000 
12 1 Van -1 0 -1.000000 281.503540 158.703607 423.761590 269.411312 -1.000000 -1.000000 -1.000000 -1.000000 -1.000000 -1.000000 -1.000000 -1.000000 
12 2 Cyclist -1 0 -1.000000 757.878169 156.961913 960.365214 400.704015 -1.000000 -1.000000 -1.000000 -1.000000 -1.000000 -1.000000 -1.000000 -1.000000 
12 4 Van -1 1 -1.000000 426.236638 168.624224 513.464380 212.643811 -1.000000 -1.000000 -1.000000 -1.000000 -1.000000 -1.000000 -1.000000 -1.000000 
13 1 Van -1 0 -1.000000 280.533911 159.002543 421.772167 268.502029 -1.000000 -1.000000 -1.000000 -1.000000 -1.000000 -1.000000 -1.000000 -1.000000 
13 2 Cyclist -1 0 -1.000000 756.320255 157.228656 956.271638 397.965233 -1.000000 -1.000000 -1.000000 -1.000000 -1.000000 -1.000000 -1.000000 -1.000000 
13 4 Van -1 1 -1.000000 433.119704 167.885444 520.893276 212.202574 -1.000000 -1.000000 -1.000000 -1.000000 -1.000000 -1.000000 -1.000000 -1.000000 
14 1 Van -1 0 -1.000000 279.580352 159.295064 419.823190 267.612263 -1.000000 -1.000000 -1.000000 -1.000000 -1.000000 -1.000000 -1.000000 -1.000000 
14 2 Cyclist -1 0 -1.000000 754.790833 157.488946 952.277099 395.292948 -1.000000 -1.000000 -1.000000 -1.000000 -1.000000 -1.000000 -1.000000 -1.000000 
14 4 Van -1 1 -1.000000 440.093524 167.136744 528.414446 211.754960 -1.000000 -1.000000 -1.000000 -1.000000 -1.000000 -1.000000 -1.000000 -1.000000 
15 1 Van -1 0 -1.000000 278.642478 159.581374 417.913419 266.741394 -1.000000 -1.000000 -1.000000 -1.000000 -1.000000 -1.000000 -1.000000 -1.000000 
15 2 Cyclist -1 0 -1.000000 748.864663 161.961743 945.640376 396.278078 -1.000000 -1.000000 -1.000000 -1.000000 -1.000000 -1.000000 -1.000000 -1.000000 
15 4 Van -1 1 -1.000000 447.159652 166.377944 536.029838 211.300852 -1.000000 -1.000000 -1.000000 -1.000000 -1.000000 -1.000000 -1.000000 -1.000000 
16 1 Van -1 0 -1.000000 278.627988 152.940607 415.404527 259.112349 -1.000000 -1.000000 -1.000000 -1.000000 -1.000000 -1.000000 -1.000000 -1.000000 
16 2 Cyclist -1 0 -1.000000 743.105777 166.276333 939.158584 397.207801 -1.000000 -1.000000 -1.000000 -1.000000 -1.000000 -1.000000 -1.000000 -1.000000 
16 4 Van -1 1 -1.000000 454.554431 166.670698 543.953443 211.903772 -1.000000 -1.000000 -1.000000 -1.000000 -1.000000 -1.000000 -1.000000 -1.000000 
17 1 Van -1 0 -1.000000 278.669550 158.195590 413.016310 263.432333 -1.000000 -1.000000 -1.000000 -1.000000 -1.000000 -1.000000 -1.000000 -1.000000 
17 2 Cyclist -1 0 -1.000000 737.509236 170.439895 932.824164 398.084098 -1.000000 -1.000000 -1.000000 -1.000000 -1.000000 -1.000000 -1.000000 -1.000000 
17 4 Van -1 1 -1.000000 462.047987 166.967664 551.978526 212.514691 -1.000000 -1.000000 -1.000000 -1.000000 -1.000000 -1.000000 -1.000000 -1.000000 
18 1 Van -1 0 -1.000000 279.883541 165.312903 411.924158 269.528052 -1.000000 -1.000000 -1.000000 -1.000000 -1.000000 -1.000000 -1.000000 -1.000000 
18 2 Cyclist -1 0 -1.000000 732.070365 174.459221 926.630012 398.908890 -1.000000 -1.000000 -1.000000 -1.000000 -1.000000 -1.000000 -1.000000 -1.000000 
18 4 Van -1 1 -1.000000 469.588613 171.469683 560.079101 217.348728 -1.000000 -1.000000 -1.000000 -1.000000 -1.000000 -1.000000 -1.000000 -1.000000 
19 1 Van -1 0 -1.000000 281.079030 172.044621 410.847352 275.504710 -1.000000 -1.000000 -1.000000 -1.000000 -1.000000 -1.000000 -1.000000 -1.000000 
19 2 Cyclist -1 0 -1.000000 726.784725 178.340742 920.569449 399.684039 -1.000000 -1.000000 -1.000000 -1.000000 -1.000000 -1.000000 -1.000000 -1.000000 
19 4 Van -1 1 -1.000000 477.234568 176.037216 568.288809 222.252613 -1.000000 -1.000000 -1.000000 -1.000000 -1.000000 -1.000000 -1.000000 -1.000000 
20 1 Van -1 0 -1.000000 282.256473 178.441632 409.785543 281.365624 -1.000000 -1.000000 -1.000000 -1.000000 -1.000000 -1.000000 -1.000000 -1.000000 
20 2 Cyclist -1 0 -1.000000 718.795174 177.481727 911.066352 395.380557 -1.000000 -1.000000 -1.000000 -1.000000 -1.000000 -1.000000 -1.000000 -1.000000 
20 4 Van -1 1 -1.000000 484.987792 180.138811 576.610107 227.227706 -1.000000 -1.000000 -1.000000 -1.000000 -1.000000 -1.000000 -1.000000 -1.000000 
21 1 Van -1 0 -1.000000 287.148385 176.378084 410.424302 278.190311 -1.000000 -1.000000 -1.000000 -1.000000 -1.000000 -1.000000 -1.000000 -1.000000 
21 2 Cyclist -1 0 -1.000000 711.014437 176.654027 901.816811 391.180769 -1.000000 -1.000000 -1.000000 -1.000000 -1.000000 -1.000000 -1.000000 -1.000000 
21 4 Van -1 1 -1.000000 494.094071 178.379714 586.088471 225.517229 -1.000000 -1.000000 -1.000000 -1.000000 -1.000000 -1.000000 -1.000000 -1.000000 
22 1 Van -1 0 -1.000000 291.954134 172.688597 411.013204 273.304111 -1.000000 -1.000000 -1.000000 -1.000000 -1.000000 -1.000000 -1.000000 -1.000000 
22 2 Cyclist -1 0 -1.000000 703.436150 175.856210 892.808829 387.081520 -1.000000 -1.000000 -1.000000 -1.000000 -1.000000 -1.000000 -1.000000 -1.000000 
22 4 Van -1 1 -1.000000 503.306901 176.598763 595.678885 223.784990 -1.000000 -1.000000 -1.000000 -1.000000 -1.000000 -1.000000 -1.000000 -1.000000 
23 1 Van -1 0 -1.000000 296.684043 169.051003 411.566554 268.505093 -1.000000 -1.000000 -1.000000 -1.000000 -1.000000 -1.000000 -1.000000 -1.000000 
23 2 Cyclist -1 0 -1.000000 696.054282 175.086924 884.031105 383.079792 -1.000000 -1.000000 -1.000000 -1.000000 -1.000000 -1.000000 -1.000000 -1.000000 
23 4 Van -1 1 -1.000000 512.627855 174.609383 605.383608 222.030650 -1.000000 -1.000000 -1.000000 -1.000000 -1.000000 -1.000000 -1.000000 -1.000000 
24 1 Van -1 0 -1.000000 301.361332 169.635324 412.117923 268.216546 -1.000000 -1.000000 -1.000000 -1.000000 -1.000000 -1.000000 -1.000000 -1.000000 
24 2 Cyclist -1 0 -1.000000 688.863110 174.344884 875.472981 379.172695 -1.000000 -1.000000 -1.000000 -1.000000 -1.000000 -1.000000 -1.000000 -1.000000 
24 4 Van -1 1 -1.000000 522.058543 172.538244 615.204962 220.253859 -1.000000 -1.000000 -1.000000 -1.000000 -1.000000 -1.000000 -1.000000 -1.000000 
25 1 Van -1 0 -1.000000 305.966702 170.212386 412.636120 267.927951 -1.000000 -1.000000 -1.000000 -1.000000 -1.000000 -1.000000 -1.000000 -1.000000 
25 2 Cyclist -1 0 -1.000000 679.335508 172.200295 861.428379 373.908452 -1.000000 -1.000000 -1.000000 -1.000000 -1.000000 -1.000000 -1.000000 -1.000000 
25 4 Van -1 1 -1.000000 529.317065 170.350610 623.476275 218.590611 -1.000000 -1.000000 -1.000000 -1.000000 -1.000000 -1.000000 -1.000000 -1.000000 
26 1 Van -1 0 -1.000000 313.566130 159.711625 414.852421 256.105304 -1.000000 -1.000000 -1.000000 -1.000000 -1.000000 -1.000000 -1.000000 -1.000000 
26 2 Cyclist -1 0 -1.000000 670.028578 170.113342 847.762066 368.795661 -1.000000 -1.000000 -1.000000 -1.000000 -1.000000 -1.000000 -1.000000 -1.000000 
26 4 Van -1 1 -1.000000 533.314281 168.122188 629.409819 217.230983 -1.000000 -1.000000 -1.000000 -1.000000 -1.000000 -1.000000 -1.000000 -1.000000 
27 1 Van -1 0 -1.000000 321.055777 154.105912 417.024043 249.476111 -1.000000 -1.000000 -1.000000 -1.000000 -1.000000 -1.000000 -1.000000 -1.000000 
27 2 Cyclist -1 0 -1.000000 660.934742 168.081733 834.458957 363.827879 -1.000000 -1.000000 -1.000000 -1.000000 -1.000000 -1.000000 -1.000000 -1.000000 
27 4 Van -1 1 -1.000000 544.306660 165.828020 640.534281 215.150228 -1.000000 -1.000000 -1.000000 -1.000000 -1.000000 -1.000000 -1.000000 -1.000000 
28 1 Van -1 0 -1.000000 328.455237 156.491662 419.176424 250.869150 -1.000000 -1.000000 -1.000000 -1.000000 -1.000000 -1.000000 -1.000000 -1.000000 
28 2 Cyclist -1 0 -1.000000 652.046765 166.103296 821.504768 358.999028 -1.000000 -1.000000 -1.000000 -1.000000 -1.000000 -1.000000 -1.000000 -1.000000 
28 4 Van -1 1 -1.000000 552.047335 163.489888 649.332445 213.370635 -1.000000 -1.000000 -1.000000 -1.000000 -1.000000 -1.000000 -1.000000 -1.000000 
29 1 Van -1 0 -1.000000 334.399648 157.435426 422.494002 250.733632 -1.000000 -1.000000 -1.000000 -1.000000 -1.000000 -1.000000 -1.000000 -1.000000 
29 2 Cyclist -1 0 -1.000000 643.357735 164.153768 808.885944 354.303359 -1.000000 -1.000000 -1.000000 -1.000000 -1.000000 -1.000000 -1.000000 -1.000000 
29 4 Van -1 1 -1.000000 559.958652 161.098298 658.318120 211.549716 -1.000000 -1.000000 -1.000000 -1.000000 -1.000000 -1.000000 -1.000000 -1.000000 
30 1 Van -1 0 -1.000000 338.547449 159.811579 425.727849 252.131344 -1.000000 -1.000000 -1.000000 -1.000000 -1.000000 -1.000000 -1.000000 -1.000000 
30 2 Cyclist -1 0 -1.000000 634.750558 163.688459 795.623805 351.706957 -1.000000 -1.000000 -1.000000 -1.000000 -1.000000 -1.000000 -1.000000 -1.000000 
30 4 Van -1 1 -1.000000 568.045925 158.651483 667.497713 209.686103 -1.000000 -1.000000 -1.000000 -1.000000 -1.000000 -1.000000 -1.000000 -1.000000 
31 1 Van -1 0 -1.000000 344.986705 158.834351 431.187547 250.167076 -1.000000 -1.000000 -1.000000 -1.000000 -1.000000 -1.000000 -1.000000 -1.000000 
31 2 Cyclist -1 0 -1.000000 626.326817 163.233826 782.591802 349.164187 -1.000000 -1.000000 -1.000000 -1.000000 -1.000000 -1.000000 -1.000000 -1.000000 
31 4 Van -1 1 -1.000000 576.913805 158.294182 677.504003 209.936490 -1.000000 -1.000000 -1.000000 -1.000000 -1.000000 -1.000000 -1.000000 -1.000000 
32 1 Van -1 0 -1.000000 351.853600 158.403561 437.002656 248.821643 -1.000000 -1.000000 -1.000000 -1.000000 -1.000000 -1.000000 -1.000000 -1.000000 
32 2 Cyclist -1 0 -1.000000 618.080635 162.789546 769.784257 346.673455 -1.000000 -1.000000 -1.000000 -1.000000 -1.000000 -1.000000 -1.000000 -1.000000 
32 4 Van -1 1 -1.000000 585.985760 157.928589 687.736346 210.192416 -1.000000 -1.000000 -1.000000 -1.000000 -1.000000 -1.000000 -1.000000 -1.000000 
33 1 Van -1 0 -1.000000 360.340038 159.084332 448.867848 248.590471 -1.000000 -1.000000 -1.000000 -1.000000 -1.000000 -1.000000 -1.000000 -1.000000 
33 2 Cyclist -1 0 -1.000000 610.006377 162.353532 757.195696 344.233229 -1.000000 -1.000000 -1.000000 -1.000000 -1.000000 -1.000000 -1.000000 -1.000000 
33 4 Van -1 2 -1.000000 595.268410 157.554415 698.202926 210.454069 -1.000000 -1.000000 -1.000000 -1.000000 -1.000000 -1.000000 -1.000000 -1.000000 
34 1 Van -1 0 -1.000000 368.098479 157.665926 459.670438 246.381184 -1.000000 -1.000000 -1.000000 -1.000000 -1.000000 -1.000000 -1.000000 -1.000000 
34 2 Cyclist -1 0 -1.000000 602.098625 161.919321 744.820832 341.842038 -1.000000 -1.000000 -1.000000 -1.000000 -1.000000 -1.000000 -1.000000 -1.000000 
34 4 Van -1 2 -1.000000 604.768665 157.171358 708.912324 210.721650 -1.000000 -1.000000 -1.000000 -1.000000 -1.000000 -1.000000 -1.000000 -1.000000 
35 1 Van -1 0 -1.000000 374.706529 158.568732 472.398577 246.702370 -1.000000 -1.000000 -1.000000 -1.000000 -1.000000 -1.000000 -1.000000 -1.000000 
35 2 Cyclist -1 0 -1.000000 596.067086 162.129769 735.221392 341.195547 -1.000000 -1.000000 -1.000000 -1.000000 -1.000000 -1.000000 -1.000000 -1.000000 
35 4 Van -1 2 -1.000000 614.493742 156.779101 719.873548 210.995368 -1.000000 -1.000000 -1.000000 -1.000000 -1.000000 -1.000000 -1.000000 -1.000000 
36 1 Van -1 0 -1.000000 385.179914 156.877110 486.521779 244.225449 -1.000000 -1.000000 -1.000000 -1.000000 -1.000000 -1.000000 -1.000000 -1.000000 
36 2 Cyclist -1 0 -1.000000 590.109229 162.339350 725.667771 340.550786 -1.000000 -1.000000 -1.000000 -1.000000 -1.000000 -1.000000 -1.000000 -1.000000 
36 4 Van -1 2 -1.000000 626.112633 157.025654 733.350043 212.191111 -1.000000 -1.000000 -1.000000 -1.000000 -1.000000 -1.000000 -1.000000 -1.000000 
37 1 Van -1 0 -1.000000 395.573913 155.210026 500.432470 241.779845 -1.000000 -1.000000 -1.000000 -1.000000 -1.000000 -1.000000 -1.000000 -1.000000 
37 2 Cyclist -1 0 -1.000000 584.223462 162.548066 716.160252 339.907787 -1.000000 -1.000000 -1.000000 -1.000000 -1.000000 -1.000000 -1.000000 -1.000000 
37 4 Van -1 1 -1.000000 638.124984 157.281532 747.278106 213.428495 -1.000000 -1.000000 -1.000000 -1.000000 -1.000000 -1.000000 -1.000000 -1.000000 
38 1 Van -1 0 -1.000000 408.290092 156.598412 515.187870 242.714018 -1.000000 -1.000000 -1.000000 -1.000000 -1.000000 -1.000000 -1.000000 -1.000000 
38 2 Cyclist -1 0 -1.000000 578.408225 162.755915 706.699125 339.266583 -1.000000 -1.000000 -1.000000 -1.000000 -1.000000 -1.000000 -1.000000 -1.000000 
38 4 Van -1 1 -1.000000 650.549904 157.547211 761.681886 214.709685 -1.000000 -1.000000 -1.000000 -1.000000 -1.000000 -1.000000 -1.000000 -1.000000 
39 1 Van -1 0 -1.000000 420.933285 157.984655 529.832315 243.624670 -1.000000 -1.000000 -1.000000 -1.000000 -1.000000 -1.000000 -1.000000 -1.000000 
39 2 Cyclist -1 0 -1.000000 572.661987 162.962895 697.284683 338.627205 -1.000000 -1.000000 -1.000000 -1.000000 -1.000000 -1.000000 -1.000000 -1.000000 
39 4 Van -1 1 -1.000000 663.407761 157.823205 776.587276 216.036997 -1.000000 -1.000000 -1.000000 -1.000000 -1.000000 -1.000000 -1.000000 -1.000000 
40 1 Van -1 0 -1.000000 433.502386 159.368026 544.368989 244.511922 -1.000000 -1.000000 -1.000000 -1.000000 -1.000000 -1.000000 -1.000000 -1.000000 
40 2 Cyclist -1 0 -1.000000 571.493696 164.217921 695.331043 340.388256 -1.000000 -1.000000 -1.000000 -1.000000 -1.000000 -1.000000 -1.000000 -1.000000 
40 4 Van -1 1 -1.000000 676.720290 158.110060 792.022085 217.412913 -1.000000 -1.000000 -1.000000 -1.000000 -1.000000 -1.000000 -1.000000 -1.000000 
41 1 Van -1 0 -1.000000 449.230510 160.917586 561.607164 245.906229 -1.000000 -1.000000 -1.000000 -1.000000 -1.000000 -1.000000 -1.000000 -1.000000 
41 2 Cyclist -1 0 -1.000000 570.323603 165.480880 693.362198 342.157349 -1.000000 -1.000000 -1.000000 -1.000000 -1.000000 -1.000000 -1.000000 -1.000000 
41 4 Van -1 1 -1.000000 690.510712 158.408365 808.016215 218.840102 -1.000000 -1.000000 -1.000000 -1.000000 -1.000000 -1.000000 -1.000000 -1.000000 
42 1 Van -1 0 -1.000000 464.929376 162.470908 578.819162 247.451133 -1.000000 -1.000000 -1.000000 -1.000000 -1.000000 -1.000000 -1.000000 -1.000000 
42 2 Cyclist -1 0 -1.000000 569.151672 166.751831 691.378045 343.934517 -1.000000 -1.000000 -1.000000 -1.000000 -1.000000 -1.000000 -1.000000 -1.000000 
42 4 Van -1 1 -1.000000 704.803843 158.718752 824.601836 220.321427 -1.000000 -1.000000 -1.000000 -1.000000 -1.000000 -1.000000 -1.000000 -1.000000 
43 1 Van -1 1 -1.000000 480.595549 164.027130 596.008242 248.983535 -1.000000 -1.000000 -1.000000 -1.000000 -1.000000 -1.000000 -1.000000 -1.000000 
43 2 Cyclist -1 0 -1.000000 567.977866 168.030835 689.378479 345.719793 -1.000000 -1.000000 -1.000000 -1.000000 -1.000000 -1.000000 -1.000000 -1.000000 
43 4 Van -1 1 -1.000000 719.626281 159.041900 841.813661 221.859976 -1.000000 -1.000000 -1.000000 -1.000000 -1.000000 -1.000000 -1.000000 -1.000000 
44 1 Van -1 1 -1.000000 499.848976 163.292569 615.497235 248.204834 -1.000000 -1.000000 -1.000000 -1.000000 -1.000000 -1.000000 -1.000000 -1.000000 
44 2 Cyclist -1 0 -1.000000 566.802147 169.317951 687.363396 347.513209 -1.000000 -1.000000 -1.000000 -1.000000 -1.000000 -1.000000 -1.000000 -1.000000 
44 4 Van -1 1 -1.000000 735.006504 159.378541 859.689126 223.459070 -1.000000 -1.000000 -1.000000 -1.000000 -1.000000 -1.000000 -1.000000 -1.000000 
45 1 Van -1 2 -1.000000 519.027242 162.561303 634.981670 247.418097 -1.000000 -1.000000 -1.000000 -1.000000 -1.000000 -1.000000 -1.000000 -1.000000 
45 2 Cyclist -1 0 -1.000000 572.490054 168.400899 692.272683 347.162214 -1.000000 -1.000000 -1.000000 -1.000000 -1.000000 -1.000000 -1.000000 -1.000000 
45 4 Van -1 1 -1.000000 750.975116 159.729467 878.268745 225.122302 -1.000000 -1.000000 -1.000000 -1.000000 -1.000000 -1.000000 -1.000000 -1.000000 
46 1 Van -1 2 -1.000000 539.669389 161.213010 656.220298 246.314295 -1.000000 -1.000000 -1.000000 -1.000000 -1.000000 -1.000000 -1.000000 -1.000000 
46 2 Cyclist -1 0 -1.000000 578.210303 167.475359 697.210939 346.802711 -1.000000 -1.000000 -1.000000 -1.000000 -1.000000 -1.000000 -1.000000 -1.000000 
46 4 Van -1 1 -1.000000 767.941007 158.138605 898.590060 225.112203 -1.000000 -1.000000 -1.000000 -1.000000 -1.000000 -1.000000 -1.000000 -1.000000 
47 1 Van -1 2 -1.000000 560.364950 159.859979 677.590109 245.194712 -1.000000 -1.000000 -1.000000 -1.000000 -1.000000 -1.000000 -1.000000 -1.000000 
47 2 Cyclist -1 0 -1.000000 583.963172 166.541286 702.178476 346.434674 -1.000000 -1.000000 -1.000000 -1.000000 -1.000000 -1.000000 -1.000000 -1.000000 
47 4 Van -1 1 -1.000000 785.690621 156.469716 919.882293 225.099618 -1.000000 -1.000000 -1.000000 -1.000000 -1.000000 -1.000000 -1.000000 -1.000000 
48 1 Van -1 2 -1.000000 581.109481 158.502736 699.096343 244.059649 -1.000000 -1.000000 -1.000000 -1.000000 -1.000000 -1.000000 -1.000000 -1.000000 
48 2 Cyclist -1 0 -1.000000 589.748950 165.598636 707.175604 346.058076 -1.000000 -1.000000 -1.000000 -1.000000 -1.000000 -1.000000 -1.000000 -1.000000 
48 4 Van -1 1 -1.000000 804.277074 154.717053 942.218996 225.084375 -1.000000 -1.000000 -1.000000 -1.000000 -1.000000 -1.000000 -1.000000 -1.000000 
49 1 Van -1 2 -1.000000 601.898681 157.141815 720.744232 242.909437 -1.000000 -1.000000 -1.000000 -1.000000 -1.000000 -1.000000 -1.000000 -1.000000 
49 2 Cyclist -1 0 -1.000000 595.567935 164.647367 712.202632 345.672897 -1.000000 -1.000000 -1.000000 -1.000000 -1.000000 -1.000000 -1.000000 -1.000000 
49 4 Van -1 1 -1.000000 823.758403 152.874291 965.681322 225.066283 -1.000000 -1.000000 -1.000000 -1.000000 -1.000000 -1.000000 -1.000000 -1.000000 
50 1 Van -1 2 -1.000000 622.728424 155.777755 742.539013 241.744432 -1.000000 -1.000000 -1.000000 -1.000000 -1.000000 -1.000000 -1.000000 -1.000000 
50 2 Cyclist -1 0 -1.000000 605.983478 164.137317 721.430256 345.402683 -1.000000 -1.000000 -1.000000 -1.000000 -1.000000 -1.000000 -1.000000 -1.000000 
50 4 Van -1 1 -1.000000 844.198161 150.934448 990.359041 225.045134 -1.000000 -1.000000 -1.000000 -1.000000 -1.000000 -1.000000 -1.000000 -1.000000 
51 1 Van -1 2 -1.000000 644.417127 155.170775 765.685808 241.541839 -1.000000 -1.000000 -1.000000 -1.000000 -1.000000 -1.000000 -1.000000 -1.000000 
51 2 Cyclist -1 0 -1.000000 616.426314 163.624796 730.687363 345.118181 -1.000000 -1.000000 -1.000000 -1.000000 -1.000000 -1.000000 -1.000000 -1.000000 
51 4 Van -1 1 -1.000000 861.936443 150.342277 1012.722956 226.617846 -1.000000 -1.000000 -1.000000 -1.000000 -1.000000 -1.000000 -1.000000 -1.000000 
52 1 Van -1 2 -1.000000 666.242187 154.562297 789.098946 241.327004 -1.000000 -1.000000 -1.000000 -1.000000 -1.000000 -1.000000 -1.000000 -1.000000 
52 2 Cyclist -1 0 -1.000000 626.897208 163.109888 739.973459 344.819492 -1.000000 -1.000000 -1.000000 -1.000000 -1.000000 -1.000000 -1.000000 -1.000000 
52 4 Van -1 1 -1.000000 880.656960 149.715291 1036.369552 228.283566 -1.000000 -1.000000 -1.000000 -1.000000 -1.000000 -1.000000 -1.000000 -1.000000 
53 1 Van -1 2 -1.000000 688.200059 153.952548 812.787580 241.099855 -1.000000 -1.000000 -1.000000 -1.000000 -1.000000 -1.000000 -1.000000 -1.000000 
53 2 Cyclist -1 0 -1.000000 637.396957 162.592681 749.288012 344.506733 -1.000000 -1.000000 -1.000000 -1.000000 -1.000000 -1.000000 -1.000000 -1.000000 
53 4 Van -1 1 -1.000000 900.441370 149.050302 1061.414542 230.050796 -1.000000 -1.000000 -1.000000 -1.000000 -1.000000 -1.000000 -1.000000 -1.000000 
54 1 Van -1 2 -1.000000 710.287368 153.341759 836.760992 240.860342 -1.000000 -1.000000 -1.000000 -1.000000 -1.000000 -1.000000 -1.000000 -1.000000 
54 2 Cyclist -1 0 -1.000000 647.926391 162.073266 758.630457 344.180034 -1.000000 -1.000000 -1.000000 -1.000000 -1.000000 -1.000000 -1.000000 -1.000000 
54 4 Van -1 1 -1.000000 921.380641 148.343719 1087.987972 231.929109 -1.000000 -1.000000 -1.000000 -1.000000 -1.000000 -1.000000 -1.000000 -1.000000 
55 1 Van -1 1 -1.000000 732.500944 152.730157 861.028607 240.608437 -1.000000 -1.000000 -1.000000 -1.000000 -1.000000 -1.000000 -1.000000 -1.000000 
55 2 Cyclist -1 0 -1.000000 667.961942 161.450054 771.088097 342.603218 -1.000000 -1.000000 -1.000000 -1.000000 -1.000000 -1.000000 -1.000000 -1.000000 
55 4 Van -1 1 -1.000000 943.576434 147.591487 1116.236529 233.929322 -1.000000 -1.000000 -1.000000 -1.000000 -1.000000 -1.000000 -1.000000 -1.000000 
56 1 Van -1 0 -1.000000 754.640973 152.332129 886.423638 240.727860 -1.000000 -1.000000 -1.000000 -1.000000 -1.000000 -1.000000 -1.000000 -1.000000 
56 2 Cyclist -1 0 -1.000000 688.008826 160.839739 783.253407 341.365800 -1.000000 -1.000000 -1.000000 -1.000000 -1.000000 -1.000000 -1.000000 -1.000000 
56 4 Van -1 1 -1.000000 961.105067 146.402457 1139.170496 235.367662 -1.000000 -1.000000 -1.000000 -1.000000 -1.000000 -1.000000 -1.000000 -1.000000 
57 1 Van -1 0 -1.000000 776.991501 151.935435 912.241766 240.834467 -1.000000 -1.000000 -1.000000 -1.000000 -1.000000 -1.000000 -1.000000 -1.000000 
57 2 Cyclist -1 0 -1.000000 706.484243 160.243727 795.133021 340.987436 -1.000000 -1.000000 -1.000000 -1.000000 -1.000000 -1.000000 -1.000000 -1.000000 
57 4 Van -1 1 -1.000000 979.629916 145.139306 1163.448712 236.895341 -1.000000 -1.000000 -1.000000 -1.000000 -1.000000 -1.000000 -1.000000 -1.000000 
58 1 Van -1 0 -1.000000 799.550786 151.540229 938.498863 240.928045 -1.000000 -1.000000 -1.000000 -1.000000 -1.000000 -1.000000 -1.000000 -1.000000 
58 2 Cyclist -1 0 -1.000000 718.023676 159.663328 806.735649 340.490752 -1.000000 -1.000000 -1.000000 -1.000000 -1.000000 -1.000000 -1.000000 -1.000000 
58 4 Van -1 1 -1.000000 999.237197 143.794892 1189.194066 238.520976 -1.000000 -1.000000 -1.000000 -1.000000 -1.000000 -1.000000 -1.000000 -1.000000 
59 1 Van -1 0 -1.000000 822.317427 151.146655 965.211142 241.008420 -1.000000 -1.000000 -1.000000 -1.000000 -1.000000 -1.000000 -1.000000 -1.000000 
59 2 Cyclist -1 0 -1.000000 738.293461 157.704238 827.458256 338.675813 -1.000000 -1.000000 -1.000000 -1.000000 -1.000000 -1.000000 -1.000000 -1.000000 
59 4 Van -1 2 -1.000000 1020.023363 142.361130 1216.544885 240.254328 -1.000000 -1.000000 -1.000000 -1.000000 -1.000000 -1.000000 -1.000000 -1.000000 
60 1 Van -1 0 -1.000000 845.290419 150.754839 992.395162 241.075453 -1.000000 -1.000000 -1.000000 -1.000000 -1.000000 -1.000000 -1.000000 -1.000000 
60 2 Cyclist -1 0 -1.000000 754.051363 157.230371 843.932440 339.074476 -1.000000 -1.000000 -1.000000 -1.000000 -1.000000 -1.000000 -1.000000 -1.000000 
61 1 Van -1 0 -1.000000 866.322461 150.570828 1016.953840 241.224260 -1.000000 -1.000000 -1.000000 -1.000000 -1.000000 -1.000000 -1.000000 -1.000000 
61 2 Cyclist -1 0 -1.000000 769.893796 156.756196 860.505034 339.449610 -1.000000 -1.000000 -1.000000 -1.000000 -1.000000 -1.000000 -1.000000 -1.000000 
62 1 Van -1 0 -1.000000 887.485532 150.389454 1041.872510 241.364383 -1.000000 -1.000000 -1.000000 -1.000000 -1.000000 -1.000000 -1.000000 -1.000000 
62 2 Cyclist -1 0 -1.000000 785.818760 156.281929 878.023252 339.800517 -1.000000 -1.000000 -1.000000 -1.000000 -1.000000 -1.000000 -1.000000 -1.000000 
63 1 Van -1 0 -1.000000 908.779305 150.210717 1067.161368 241.495778 -1.000000 -1.000000 -1.000000 -1.000000 -1.000000 -1.000000 -1.000000 -1.000000 
63 2 Cyclist -1 0 -1.000000 801.824367 155.807783 897.205033 340.126548 -1.000000 -1.000000 -1.000000 -1.000000 -1.000000 -1.000000 -1.000000 -1.000000 
64 1 Van -1 0 -1.000000 930.203719 150.034606 1092.830698 241.618420 -1.000000 -1.000000 -1.000000 -1.000000 -1.000000 -1.000000 -1.000000 -1.000000 
64 2 Cyclist -1 0 -1.000000 817.908860 155.333974 916.581363 340.427099 -1.000000 -1.000000 -1.000000 -1.000000 -1.000000 -1.000000 -1.000000 -1.000000 
65 1 Van -1 0 -1.000000 951.759006 149.861101 1118.890885 241.732305 -1.000000 -1.000000 -1.000000 -1.000000 -1.000000 -1.000000 -1.000000 -1.000000 
65 2 Cyclist -1 0 -1.000000 836.329972 156.278369 935.383942 340.075692 -1.000000 -1.000000 -1.000000 -1.000000 -1.000000 -1.000000 -1.000000 -1.000000 
66 1 Van -1 0 -1.000000 971.353236 150.686766 1141.262644 242.676835 -1.000000 -1.000000 -1.000000 -1.000000 -1.000000 -1.000000 -1.000000 -1.000000 
66 2 Cyclist -1 0 -1.000000 854.449943 157.211453 954.031536 339.716609 -1.000000 -1.000000 -1.000000 -1.000000 -1.000000 -1.000000 -1.000000 -1.000000 
67 1 Van -1 0 -1.000000 990.984880 151.516018 1163.846749 243.619543 -1.000000 -1.000000 -1.000000 -1.000000 -1.000000 -1.000000 -1.000000 -1.000000 
67 2 Cyclist -1 0 -1.000000 872.275463 158.133228 972.526927 339.350093 -1.000000 -1.000000 -1.000000 -1.000000 -1.000000 -1.000000 -1.000000 -1.000000 
68 1 Van -1 1 -1.000000 1007.430269 152.429840 1181.291518 244.517453 -1.000000 -1.000000 -1.000000 -1.000000 -1.000000 -1.000000 -1.000000 -1.000000 
68 2 Cyclist -1 0 -1.000000 889.813141 159.043702 990.872742 338.976388 -1.000000 -1.000000 -1.000000 -1.000000 -1.000000 -1.000000 -1.000000 -1.000000 
69 1 Van -1 1 -1.000000 1023.860656 153.343599 1198.796605 245.414120 -1.000000 -1.000000 -1.000000 -1.000000 -1.000000 -1.000000 -1.000000 -1.000000 
69 2 Cyclist -1 0 -1.000000 907.069509 159.942886 1009.071469 338.595740 -1.000000 -1.000000 -1.000000 -1.000000 -1.000000 -1.000000 -1.000000 -1.000000 
70 1 Van -1 2 -1.000000 1040.276037 154.257256 1216.362385 246.309515 -1.000000 -1.000000 -1.000000 -1.000000 -1.000000 -1.000000 -1.000000 -1.000000 
70 2 Cyclist -1 0 -1.000000 919.364845 159.427190 1019.641607 337.112421 -1.000000 -1.000000 -1.000000 -1.000000 -1.000000 -1.000000 -1.000000 -1.000000 
71 1 Van -1 2 -1.000000 1051.962365 153.473498 1228.121626 245.067543 -1.000000 -1.000000 -1.000000 -1.000000 -1.000000 -1.000000 -1.000000 -1.000000 
71 2 Cyclist -1 0 -1.000000 931.532095 158.917037 1030.121787 335.645000 -1.000000 -1.000000 -1.000000 -1.000000 -1.000000 -1.000000 -1.000000 -1.000000 
72 1 Van -1 2 -1.000000 1063.539592 152.697604 1239.809680 243.837438 -1.000000 -1.000000 -1.000000 -1.000000 -1.000000 -1.000000 -1.000000 -1.000000 
72 2 Cyclist -1 0 -1.000000 943.573246 158.412337 1040.513158 334.193226 -1.000000 -1.000000 -1.000000 -1.000000 -1.000000 -1.000000 -1.000000 -1.000000 
73 2 Cyclist -1 0 -1.000000 955.490241 157.913006 1050.816845 332.756849 -1.000000 -1.000000 -1.000000 -1.000000 -1.000000 -1.000000 -1.000000 -1.000000 
74 2 Cyclist -1 0 -1.000000 967.284988 157.418958 1061.665769 331.335627 -1.000000 -1.000000 -1.000000 -1.000000 -1.000000 -1.000000 -1.000000 -1.000000 
75 2 Cyclist -1 0 -1.000000 968.260004 159.183748 1061.149173 330.224939 -1.000000 -1.000000 -1.000000 -1.000000 -1.000000 -1.000000 -1.000000 -1.000000 
76 2 Cyclist -1 0 -1.000000 969.205374 160.891188 1060.649327 329.150402 -1.000000 -1.000000 -1.000000 -1.000000 -1.000000 -1.000000 -1.000000 -1.000000 
77 2 Cyclist -1 0 -1.000000 970.122435 162.544028 1060.165428 328.110279 -1.000000 -1.000000 -1.000000 -1.000000 -1.000000 -1.000000 -1.000000 -1.000000 
78 2 Cyclist -1 0 -1.000000 971.012442 164.144846 1059.696720 327.102943 -1.000000 -1.000000 -1.000000 -1.000000 -1.000000 -1.000000 -1.000000 -1.000000 
79 2 Cyclist -1 0 -1.000000 971.876577 165.696057 1059.242495 326.126865 -1.000000 -1.000000 -1.000000 -1.000000 -1.000000 -1.000000 -1.000000 -1.000000 
80 2 Cyclist -1 0 -1.000000 966.067508 166.965892 1051.442377 324.236738 -1.000000 -1.000000 -1.000000 -1.000000 -1.000000 -1.000000 -1.000000 -1.000000 
81 1 Van -1 2 -1.000000 1098.684592 165.806577 1239.243574 246.696693 -1.000000 -1.000000 -1.000000 -1.000000 -1.000000 -1.000000 -1.000000 -1.000000 
81 2 Cyclist -1 0 -1.000000 960.489941 169.736981 1043.967270 323.975669 -1.000000 -1.000000 -1.000000 -1.000000 -1.000000 -1.000000 -1.000000 -1.000000 
82 1 Van -1 2 -1.000000 1093.815397 167.277237 1228.293197 246.504045 -1.000000 -1.000000 -1.000000 -1.000000 -1.000000 -1.000000 -1.000000 -1.000000 
82 2 Cyclist -1 0 -1.000000 955.105345 172.161032 1036.768719 323.480040 -1.000000 -1.000000 -1.000000 -1.000000 -1.000000 -1.000000 -1.000000 -1.000000 
83 1 Van -1 2 -1.000000 1087.263868 166.447817 1215.780096 243.916629 -1.000000 -1.000000 -1.000000 -1.000000 -1.000000 -1.000000 -1.000000 -1.000000 
83 2 Cyclist -1 0 -1.000000 949.843677 170.182315 1029.763470 318.670429 -1.000000 -1.000000 -1.000000 -1.000000 -1.000000 -1.000000 -1.000000 -1.000000 
84 1 Van -1 2 -1.000000 1080.993779 165.654907 1203.801047 241.437973 -1.000000 -1.000000 -1.000000 -1.000000 -1.000000 -1.000000 -1.000000 -1.000000 
84 2 Cyclist -1 0 -1.000000 944.774893 169.147644 1023.026979 314.911440 -1.000000 -1.000000 -1.000000 -1.000000 -1.000000 -1.000000 -1.000000 -1.000000 
85 1 Van -1 2 -1.000000 1074.988866 164.896321 1192.321205 239.061494 -1.000000 -1.000000 -1.000000 -1.000000 -1.000000 -1.000000 -1.000000 -1.000000 
85 2 Cyclist -1 0 -1.000000 937.116648 169.393053 1013.615392 312.423791 -1.000000 -1.000000 -1.000000 -1.000000 -1.000000 -1.000000 -1.000000 -1.000000 
86 1 Van -1 2 -1.000000 1063.471892 165.355015 1173.857661 237.597410 -1.000000 -1.000000 -1.000000 -1.000000 -1.000000 -1.000000 -1.000000 -1.000000 
86 2 Cyclist -1 0 -1.000000 929.719629 169.629676 1004.542426 310.024799 -1.000000 -1.000000 -1.000000 -1.000000 -1.000000 -1.000000 -1.000000 -1.000000 
87 1 Van -1 2 -1.000000 1052.521064 165.791758 1156.321355 236.200770 -1.000000 -1.000000 -1.000000 -1.000000 -1.000000 -1.000000 -1.000000 -1.000000 
87 2 Cyclist -1 0 -1.000000 922.571171 169.857977 995.790065 307.709811 -1.000000 -1.000000 -1.000000 -1.000000 -1.000000 -1.000000 -1.000000 -1.000000 
88 1 Van -1 2 -1.000000 1042.098697 166.208088 1139.641156 234.866957 -1.000000 -1.000000 -1.000000 -1.000000 -1.000000 -1.000000 -1.000000 -1.000000 
88 2 Cyclist -1 0 -1.000000 915.659406 170.078386 987.341536 305.474493 -1.000000 -1.000000 -1.000000 -1.000000 -1.000000 -1.000000 -1.000000 -1.000000 
89 1 Van -1 2 -1.000000 1032.170243 166.605400 1123.753127 233.591777 -1.000000 -1.000000 -1.000000 -1.000000 -1.000000 -1.000000 -1.000000 -1.000000 
89 2 Cyclist -1 0 -1.000000 908.973201 170.291305 979.181199 303.314807 -1.000000 -1.000000 -1.000000 -1.000000 -1.000000 -1.000000 -1.000000 -1.000000 
90 1 Van -1 2 -1.000000 1022.703951 166.984970 1108.599632 232.371408 -1.000000 -1.000000 -1.000000 -1.000000 -1.000000 -1.000000 -1.000000 -1.000000 
90 2 Cyclist -1 0 -1.000000 901.453322 170.571571 970.316826 301.569286 -1.000000 -1.000000 -1.000000 -1.000000 -1.000000 -1.000000 -1.000000 -1.000000 
91 1 Van -1 2 -1.000000 1008.104393 167.546042 1088.457035 231.335159 -1.000000 -1.000000 -1.000000 -1.000000 -1.000000 -1.000000 -1.000000 -1.000000 
91 2 Cyclist -1 0 -1.000000 894.147156 170.843457 961.717903 299.875957 -1.000000 -1.000000 -1.000000 -1.000000 -1.000000 -1.000000 -1.000000 -1.000000 
92 1 Van -1 2 -1.000000 994.165219 168.081693 1069.252263 230.341555 -1.000000 -1.000000 -1.000000 -1.000000 -1.000000 -1.000000 -1.000000 -1.000000 
92 2 Cyclist -1 0 -1.000000 887.045762 171.107333 953.372692 298.232511 -1.000000 -1.000000 -1.000000 -1.000000 -1.000000 -1.000000 -1.000000 -1.000000 
93 1 Van -1 2 -1.000000 980.845651 168.593551 1050.918159 229.387955 -1.000000 -1.000000 -1.000000 -1.000000 -1.000000 -1.000000 -1.000000 -1.000000 
93 2 Cyclist -1 0 -1.000000 880.140688 171.363548 945.270139 296.636778 -1.000000 -1.000000 -1.000000 -1.000000 -1.000000 -1.000000 -1.000000 -1.000000 
94 1 Van -1 2 -1.000000 968.108067 169.083110 1033.393914 228.471943 -1.000000 -1.000000 -1.000000 -1.000000 -1.000000 -1.000000 -1.000000 -1.000000 
94 2 Cyclist -1 0 -1.000000 873.423941 171.612430 937.399820 295.086708 -1.000000 -1.000000 -1.000000 -1.000000 -1.000000 -1.000000 -1.000000 -1.000000 
95 1 Van -1 0 -1.000000 955.917683 169.551744 1016.624329 227.591305 -1.000000 -1.000000 -1.000000 -1.000000 -1.000000 -1.000000 -1.000000 -1.000000 
95 2 Cyclist -1 0 -1.000000 866.340062 172.049158 929.849749 293.785122 -1.000000 -1.000000 -1.000000 -1.000000 -1.000000 -1.000000 -1.000000 -1.000000 
96 1 Van -1 0 -1.000000 941.261521 171.833117 998.892255 228.515754 -1.000000 -1.000000 -1.000000 -1.000000 -1.000000 -1.000000 -1.000000 -1.000000 
96 2 Cyclist -1 0 -1.000000 859.452168 172.473795 923.478187 292.519431 -1.000000 -1.000000 -1.000000 -1.000000 -1.000000 -1.000000 -1.000000 -1.000000 
97 1 Van -1 0 -1.000000 927.231256 174.010594 983.163728 229.394347 -1.000000 -1.000000 -1.000000 -1.000000 -1.000000 -1.000000 -1.000000 -1.000000 
97 2 Cyclist -1 0 -1.000000 852.752306 172.886833 917.253545 291.288168 -1.000000 -1.000000 -1.000000 -1.000000 -1.000000 -1.000000 -1.000000 -1.000000 
98 1 Van -1 0 -1.000000 910.509293 173.769981 964.904984 228.070656 -1.000000 -1.000000 -1.000000 -1.000000 -1.000000 -1.000000 -1.000000 -1.000000 
98 2 Cyclist -1 0 -1.000000 846.232952 173.288739 911.170748 290.089945 -1.000000 -1.000000 -1.000000 -1.000000 -1.000000 -1.000000 -1.000000 -1.000000 
99 1 Van -1 0 -1.000000 894.379204 173.539036 947.325637 226.794505 -1.000000 -1.000000 -1.000000 -1.000000 -1.000000 -1.000000 -1.000000 -1.000000 
99 2 Cyclist -1 0 -1.000000 839.886974 173.679955 905.224947 288.923447 -1.000000 -1.000000 -1.000000 -1.000000 -1.000000 -1.000000 -1.000000 -1.000000 
100 1 Van -1 1 -1.000000 878.812095 173.317276 930.389390 225.563473 -1.000000 -1.000000 -1.000000 -1.000000 -1.000000 -1.000000 -1.000000 -1.000000 
100 2 Cyclist -1 0 -1.000000 835.217876 173.397888 901.042249 287.694702 -1.000000 -1.000000 -1.000000 -1.000000 -1.000000 -1.000000 -1.000000 -1.000000 
101 1 Van -1 2 -1.000000 862.855437 172.832885 913.099192 224.079915 -1.000000 -1.000000 -1.000000 -1.000000 -1.000000 -1.000000 -1.000000 -1.000000 
101 2 Cyclist -1 0 -1.000000 830.626036 173.120423 896.915952 286.485754 -1.000000 -1.000000 -1.000000 -1.000000 -1.000000 -1.000000 -1.000000 -1.000000 
102 1 Van -1 2 -1.000000 844.941045 172.368044 896.404093 222.645106 -1.000000 -1.000000 -1.000000 -1.000000 -1.000000 -1.000000 -1.000000 -1.000000 
102 2 Cyclist -1 0 -1.000000 826.109593 172.847449 892.844889 285.296130 -1.000000 -1.000000 -1.000000 -1.000000 -1.000000 -1.000000 -1.000000 -1.000000 
103 1 Van -1 2 -1.000000 827.582843 171.921941 880.274013 221.257103 -1.000000 -1.000000 -1.000000 -1.000000 -1.000000 -1.000000 -1.000000 -1.000000 
103 2 Cyclist -1 0 -1.000000 821.666749 172.578860 888.827929 284.125372 -1.000000 -1.000000 -1.000000 -1.000000 -1.000000 -1.000000 -1.000000 -1.000000 
104 1 Van -1 2 -1.000000 811.275221 171.482248 861.256371 220.038086 -1.000000 -1.000000 -1.000000 -1.000000 -1.000000 -1.000000 -1.000000 -1.000000 
104 2 Cyclist -1 0 -1.000000 817.295760 172.314554 884.863966 282.973038 -1.000000 -1.000000 -1.000000 -1.000000 -1.000000 -1.000000 -1.000000 -1.000000 
105 1 Van -1 1 -1.000000 795.402146 171.056252 842.828785 218.856837 -1.000000 -1.000000 -1.000000 -1.000000 -1.000000 -1.000000 -1.000000 -1.000000 
105 2 Cyclist -1 0 -1.000000 814.222143 173.004288 881.583671 283.071864 -1.000000 -1.000000 -1.000000 -1.000000 -1.000000 -1.000000 -1.000000 -1.000000 
106 1 Van -1 0 -1.000000 778.616553 171.250537 826.829296 218.413182 -1.000000 -1.000000 -1.000000 -1.000000 -1.000000 -1.000000 -1.000000 -1.000000 
106 2 Cyclist -1 0 -1.000000 811.179597 173.686696 878.334650 283.169609 -1.000000 -1.000000 -1.000000 -1.000000 -1.000000 -1.000000 -1.000000 -1.000000 
107 1 Van -1 0 -1.000000 762.213253 171.440834 811.214457 218.066439 -1.000000 -1.000000 -1.000000 -1.000000 -1.000000 -1.000000 -1.000000 -1.000000 
107 2 Cyclist -1 0 -1.000000 808.167657 174.361892 875.116453 283.266291 -1.000000 -1.000000 -1.000000 -1.000000 -1.000000 -1.000000 -1.000000 -1.000000 
108 1 Van -1 0 -1.000000 746.178199 171.627259 795.971406 217.723378 -1.000000 -1.000000 -1.000000 -1.000000 -1.000000 -1.000000 -1.000000 -1.000000 
108 2 Cyclist -1 0 -1.000000 805.185866 175.029989 871.928643 283.361926 -1.000000 -1.000000 -1.000000 -1.000000 -1.000000 -1.000000 -1.000000 -1.000000 
109 1 Van -1 0 -1.000000 730.498134 171.809929 781.087716 217.383921 -1.000000 -1.000000 -1.000000 -1.000000 -1.000000 -1.000000 -1.000000 -1.000000 
109 2 Cyclist -1 0 -1.000000 802.233778 175.691099 868.770787 283.456530 -1.000000 -1.000000 -1.000000 -1.000000 -1.000000 -1.000000 -1.000000 -1.000000 
109 6 Car -1 0 -1.000000 874.035439 187.143419 982.238132 244.241635 -1.000000 -1.000000 -1.000000 -1.000000 -1.000000 -1.000000 -1.000000 -1.000000 
110 1 Van -1 0 -1.000000 714.708795 171.870176 763.854757 217.037477 -1.000000 -1.000000 -1.000000 -1.000000 -1.000000 -1.000000 -1.000000 -1.000000 
110 2 Cyclist -1 0 -1.000000 798.149569 175.212475 861.167271 282.555984 -1.000000 -1.000000 -1.000000 -1.000000 -1.000000 -1.000000 -1.000000 -1.000000 
110 6 Car -1 0 -1.000000 863.499410 186.556175 972.065305 244.804045 -1.000000 -1.000000 -1.000000 -1.000000 -1.000000 -1.000000 -1.000000 -1.000000 
111 1 Van -1 0 -1.000000 699.168966 171.929416 746.944025 216.696602 -1.000000 -1.000000 -1.000000 -1.000000 -1.000000 -1.000000 -1.000000 -1.000000 
111 2 Cyclist -1 0 -1.000000 794.129047 174.738310 853.606359 281.649484 -1.000000 -1.000000 -1.000000 -1.000000 -1.000000 -1.000000 -1.000000 -1.000000 
111 6 Car -1 0 -1.000000 852.520559 185.949984 961.533441 245.388140 -1.000000 -1.000000 -1.000000 -1.000000 -1.000000 -1.000000 -1.000000 -1.000000 
112 1 Van -1 0 -1.000000 683.872467 171.987677 730.346940 216.361162 -1.000000 -1.000000 -1.000000 -1.000000 -1.000000 -1.000000 -1.000000 -1.000000 
112 2 Cyclist -1 0 -1.000000 790.169905 174.268768 846.088563 280.737504 -1.000000 -1.000000 -1.000000 -1.000000 -1.000000 -1.000000 -1.000000 -1.000000 
112 6 Car -1 0 -1.000000 841.068713 185.323856 950.624445 245.995292 -1.000000 -1.000000 -1.000000 -1.000000 -1.000000 -1.000000 -1.000000 -1.000000 
113 1 Van -1 0 -1.000000 668.813324 172.044985 714.055214 216.031029 -1.000000 -1.000000 -1.000000 -1.000000 -1.000000 -1.000000 -1.000000 -1.000000 
113 2 Cyclist -1 0 -1.000000 786.269804 173.804007 839.319837 279.820533 -1.000000 -1.000000 -1.000000 -1.000000 -1.000000 -1.000000 -1.000000 -1.000000 
113 6 Car -1 0 -1.000000 832.410759 184.768417 942.298446 246.734840 -1.000000 -1.000000 -1.000000 -1.000000 -1.000000 -1.000000 -1.000000 -1.000000 
114 1 Van -1 0 -1.000000 653.985765 172.101365 698.060840 215.706075 -1.000000 -1.000000 -1.000000 -1.000000 -1.000000 -1.000000 -1.000000 -1.000000 
114 2 Cyclist -1 0 -1.000000 782.426368 173.344175 835.254404 278.899073 -1.000000 -1.000000 -1.000000 -1.000000 -1.000000 -1.000000 -1.000000 -1.000000 
114 6 Car -1 0 -1.000000 823.368222 184.194037 933.659026 247.505673 -1.000000 -1.000000 -1.000000 -1.000000 -1.000000 -1.000000 -1.000000 -1.000000 
115 1 Van -1 0 -1.000000 639.384205 172.156841 682.356083 215.386180 -1.000000 -1.000000 -1.000000 -1.000000 -1.000000 -1.000000 -1.000000 -1.000000 
115 2 Cyclist -1 0 -1.000000 773.792466 174.094986 826.157585 278.986764 -1.000000 -1.000000 -1.000000 -1.000000 -1.000000 -1.000000 -1.000000 -1.000000 
115 6 Car -1 0 -1.000000 815.678122 184.819444 927.041574 250.022640 -1.000000 -1.000000 -1.000000 -1.000000 -1.000000 -1.000000 -1.000000 -1.000000 
116 1 Van -1 0 -1.000000 625.003244 172.211437 666.933466 215.071225 -1.000000 -1.000000 -1.000000 -1.000000 -1.000000 -1.000000 -1.000000 -1.000000 
116 2 Cyclist -1 0 -1.000000 763.622909 174.837058 817.142620 279.064673 -1.000000 -1.000000 -1.000000 -1.000000 -1.000000 -1.000000 -1.000000 -1.000000 
116 6 Car -1 0 -1.000000 807.566150 185.472769 920.115091 252.682865 -1.000000 -1.000000 -1.000000 -1.000000 -1.000000 -1.000000 -1.000000 -1.000000 
117 1 Van -1 0 -1.000000 610.837657 172.265175 651.785760 214.761098 -1.000000 -1.000000 -1.000000 -1.000000 -1.000000 -1.000000 -1.000000 -1.000000 
117 2 Cyclist -1 0 -1.000000 753.110338 175.570378 808.208361 279.133054 -1.000000 -1.000000 -1.000000 -1.000000 -1.000000 -1.000000 -1.000000 -1.000000 
117 6 Car -1 0 -1.000000 798.994879 186.155939 912.858670 255.498843 -1.000000 -1.000000 -1.000000 -1.000000 -1.000000 -1.000000 -1.000000 -1.000000 
117 7 Car -1 2 -1.000000 733.496980 186.060826 820.083654 238.581841 -1.000000 -1.000000 -1.000000 -1.000000 -1.000000 -1.000000 -1.000000 -1.000000 
118 1 Van -1 0 -1.000000 595.322227 172.307140 636.561092 214.586882 -1.000000 -1.000000 -1.000000 -1.000000 -1.000000 -1.000000 -1.000000 -1.000000 
118 2 Cyclist -1 0 -1.000000 742.713698 176.294938 799.353657 279.192166 -1.000000 -1.000000 -1.000000 -1.000000 -1.000000 -1.000000 -1.000000 -1.000000 
118 6 Car -1 0 -1.000000 789.922387 186.871065 905.249428 258.484565 -1.000000 -1.000000 -1.000000 -1.000000 -1.000000 -1.000000 -1.000000 -1.000000 
118 7 Car -1 2 -1.000000 723.120388 186.278537 812.157492 240.197059 -1.000000 -1.000000 -1.000000 -1.000000 -1.000000 -1.000000 -1.000000 -1.000000 
119 1 Van -1 0 -1.000000 579.947788 172.349132 621.508719 214.412521 -1.000000 -1.000000 -1.000000 -1.000000 -1.000000 -1.000000 -1.000000 -1.000000 
119 2 Cyclist -1 0 -1.000000 732.430888 177.010738 790.577358 279.242277 -1.000000 -1.000000 -1.000000 -1.000000 -1.000000 -1.000000 -1.000000 -1.000000 
119 6 Car -1 0 -1.000000 780.301562 187.620466 897.262247 261.655752 -1.000000 -1.000000 -1.000000 -1.000000 -1.000000 -1.000000 -1.000000 -1.000000 
119 7 Car -1 2 -1.000000 712.286957 186.505742 803.813928 241.896916 -1.000000 -1.000000 -1.000000 -1.000000 -1.000000 -1.000000 -1.000000 -1.000000 
120 1 Van -1 0 -1.000000 564.711543 172.391150 606.626622 214.238038 -1.000000 -1.000000 -1.000000 -1.000000 -1.000000 -1.000000 -1.000000 -1.000000 
120 2 Cyclist -1 0 -1.000000 715.404439 176.609518 774.568480 278.352796 -1.000000 -1.000000 -1.000000 -1.000000 -1.000000 -1.000000 -1.000000 -1.000000 
120 6 Car -1 0 -1.000000 772.983272 187.529671 891.412761 264.023844 -1.000000 -1.000000 -1.000000 -1.000000 -1.000000 -1.000000 -1.000000 -1.000000 
120 7 Car -1 2 -1.000000 700.964383 186.743077 795.021062 243.688229 -1.000000 -1.000000 -1.000000 -1.000000 -1.000000 -1.000000 -1.000000 -1.000000 
120 10 Car -1 1 -1.000000 657.617396 181.945499 721.172799 226.390427 -1.000000 -1.000000 -1.000000 -1.000000 -1.000000 -1.000000 -1.000000 -1.000000 
121 1 Van -1 0 -1.000000 549.610790 172.433193 591.912758 214.063458 -1.000000 -1.000000 -1.000000 -1.000000 -1.000000 -1.000000 -1.000000 -1.000000 
121 2 Cyclist -1 0 -1.000000 698.532503 176.214012 758.707483 277.575999 -1.000000 -1.000000 -1.000000 -1.000000 -1.000000 -1.000000 -1.000000 -1.000000 
121 6 Car -1 0 -1.000000 765.183163 187.434644 885.243797 266.552421 -1.000000 -1.000000 -1.000000 -1.000000 -1.000000 -1.000000 -1.000000 -1.000000 
121 7 Car -1 2 -1.000000 689.117229 186.991237 785.743703 245.578567 -1.000000 -1.000000 -1.000000 -1.000000 -1.000000 -1.000000 -1.000000 -1.000000 
121 8 Car -1 1 -1.000000 414.169893 180.320648 484.883668 232.625673 -1.000000 -1.000000 -1.000000 -1.000000 -1.000000 -1.000000 -1.000000 -1.000000 
121 10 Car -1 1 -1.000000 645.374631 181.528564 710.284883 226.872123 -1.000000 -1.000000 -1.000000 -1.000000 -1.000000 -1.000000 -1.000000 -1.000000 
122 1 Van -1 0 -1.000000 534.642944 172.475257 577.365072 213.888803 -1.000000 -1.000000 -1.000000 -1.000000 -1.000000 -1.000000 -1.000000 -1.000000 
122 2 Cyclist -1 0 -1.000000 681.811201 175.824268 742.994036 276.794116 -1.000000 -1.000000 -1.000000 -1.000000 -1.000000 -1.000000 -1.000000 -1.000000 
122 6 Car -1 0 -1.000000 756.849643 187.335041 878.730038 269.258421 -1.000000 -1.000000 -1.000000 -1.000000 -1.000000 -1.000000 -1.000000 -1.000000 
122 7 Car -1 2 -1.000000 676.706519 187.250980 775.942923 247.576358 -1.000000 -1.000000 -1.000000 -1.000000 -1.000000 -1.000000 -1.000000 -1.000000 
122 8 Car -1 1 -1.000000 395.091502 180.662304 468.858650 234.687119 -1.000000 -1.000000 -1.000000 -1.000000 -1.000000 -1.000000 -1.000000 -1.000000 
122 10 Car -1 1 -1.000000 632.651295 181.033975 698.925839 227.374288 -1.000000 -1.000000 -1.000000 -1.000000 -1.000000 -1.000000 -1.000000 -1.000000 
123 1 Van -1 0 -1.000000 519.805499 172.517341 562.981472 213.714102 -1.000000 -1.000000 -1.000000 -1.000000 -1.000000 -1.000000 -1.000000 -1.000000 
123 2 Cyclist -1 0 -1.000000 665.236850 175.440328 727.427685 276.007304 -1.000000 -1.000000 -1.000000 -1.000000 -1.000000 -1.000000 -1.000000 -1.000000 
123 6 Car -1 0 -1.000000 747.923580 187.230483 871.843347 272.161256 -1.000000 -1.000000 -1.000000 -1.000000 -1.000000 -1.000000 -1.000000 -1.000000 
123 7 Car -1 2 -1.000000 665.879201 186.774186 768.301925 248.871251 -1.000000 -1.000000 -1.000000 -1.000000 -1.000000 -1.000000 -1.000000 -1.000000 
123 8 Car -1 1 -1.000000 374.734361 181.025970 451.958061 236.886488 -1.000000 -1.000000 -1.000000 -1.000000 -1.000000 -1.000000 -1.000000 -1.000000 
123 10 Car -1 1 -1.000000 619.417428 180.500277 687.065742 227.898294 -1.000000 -1.000000 -1.000000 -1.000000 -1.000000 -1.000000 -1.000000 -1.000000 
124 1 Van -1 0 -1.000000 504.627599 172.563913 547.144888 213.651120 -1.000000 -1.000000 -1.000000 -1.000000 -1.000000 -1.000000 -1.000000 -1.000000 
124 2 Cyclist -1 0 -1.000000 648.805946 175.062221 712.007839 275.215740 -1.000000 -1.000000 -1.000000 -1.000000 -1.000000 -1.000000 -1.000000 -1.000000 
124 6 Car -1 0 -1.000000 738.336868 187.120544 864.552357 275.283277 -1.000000 -1.000000 -1.000000 -1.000000 -1.000000 -1.000000 -1.000000 -1.000000 
124 7 Car -1 2 -1.000000 654.477260 186.273341 760.174755 250.248115 -1.000000 -1.000000 -1.000000 -1.000000 -1.000000 -1.000000 -1.000000 -1.000000 
124 8 Car -1 1 -1.000000 352.392434 181.437585 433.865970 239.460112 -1.000000 -1.000000 -1.000000 -1.000000 -1.000000 -1.000000 -1.000000 -1.000000 
124 10 Car -1 2 -1.000000 605.640521 179.943278 674.672100 228.445638 -1.000000 -1.000000 -1.000000 -1.000000 -1.000000 -1.000000 -1.000000 -1.000000 
124 11 Car -1 2 -1.000000 577.701428 180.502613 637.800612 219.011814 -1.000000 -1.000000 -1.000000 -1.000000 -1.000000 -1.000000 -1.000000 -1.000000 
125 1 Van -1 0 -1.000000 489.512114 172.610321 531.404169 213.588037 -1.000000 -1.000000 -1.000000 -1.000000 -1.000000 -1.000000 -1.000000 -1.000000 
125 2 Cyclist -1 0 -1.000000 630.320211 174.786488 693.311175 274.925888 -1.000000 -1.000000 -1.000000 -1.000000 -1.000000 -1.000000 -1.000000 -1.000000 
125 6 Car -1 0 -1.000000 731.051317 186.348729 860.489596 278.159328 -1.000000 -1.000000 -1.000000 -1.000000 -1.000000 -1.000000 -1.000000 -1.000000 
125 7 Car -1 2 -1.000000 642.451938 185.746508 751.515957 251.715088 -1.000000 -1.000000 -1.000000 -1.000000 -1.000000 -1.000000 -1.000000 -1.000000 
125 8 Car -1 1 -1.000000 328.275254 181.834057 414.617203 242.238027 -1.000000 -1.000000 -1.000000 -1.000000 -1.000000 -1.000000 -1.000000 -1.000000 
125 10 Car -1 2 -1.000000 591.285232 179.361452 661.709559 229.017957 -1.000000 -1.000000 -1.000000 -1.000000 -1.000000 -1.000000 -1.000000 -1.000000 
125 11 Car -1 2 -1.000000 566.249517 180.643809 627.733912 220.084235 -1.000000 -1.000000 -1.000000 -1.000000 -1.000000 -1.000000 -1.000000 -1.000000 
126 1 Van -1 0 -1.000000 474.458368 172.656566 515.758775 213.524855 -1.000000 -1.000000 -1.000000 -1.000000 -1.000000 -1.000000 -1.000000 -1.000000 
126 2 Cyclist -1 0 -1.000000 611.838732 174.512114 674.654385 274.631393 -1.000000 -1.000000 -1.000000 -1.000000 -1.000000 -1.000000 -1.000000 -1.000000 
126 6 Car -1 0 -1.000000 723.124214 185.525396 856.143328 281.297518 -1.000000 -1.000000 -1.000000 -1.000000 -1.000000 -1.000000 -1.000000 -1.000000 
126 7 Car -1 2 -1.000000 629.748773 185.191535 742.274279 253.281418 -1.000000 -1.000000 -1.000000 -1.000000 -1.000000 -1.000000 -1.000000 -1.000000 
126 8 Car -1 1 -1.000000 303.647802 182.227968 394.934879 244.914407 -1.000000 -1.000000 -1.000000 -1.000000 -1.000000 -1.000000 -1.000000 -1.000000 
126 9 Van -1 2 -1.000000 340.735020 177.113104 410.718279 234.448436 -1.000000 -1.000000 -1.000000 -1.000000 -1.000000 -1.000000 -1.000000 -1.000000 
126 10 Car -1 2 -1.000000 579.986251 179.067253 651.854948 230.067080 -1.000000 -1.000000 -1.000000 -1.000000 -1.000000 -1.000000 -1.000000 -1.000000 
126 11 Car -1 2 -1.000000 554.294953 180.791702 617.187062 221.209009 -1.000000 -1.000000 -1.000000 -1.000000 -1.000000 -1.000000 -1.000000 -1.000000 
126 15 Car -1 2 -1.000000 534.719425 183.606372 578.655297 214.017024 -1.000000 -1.000000 -1.000000 -1.000000 -1.000000 -1.000000 -1.000000 -1.000000 
127 1 Van -1 0 -1.000000 459.465703 172.702648 500.208168 213.461578 -1.000000 -1.000000 -1.000000 -1.000000 -1.000000 -1.000000 -1.000000 -1.000000 
127 2 Cyclist -1 0 -1.000000 593.360124 174.239132 656.038895 274.332272 -1.000000 -1.000000 -1.000000 -1.000000 -1.000000 -1.000000 -1.000000 -1.000000 
127 6 Car -1 0 -1.000000 714.464905 184.645130 851.484006 284.735559 -1.000000 -1.000000 -1.000000 -1.000000 -1.000000 -1.000000 -1.000000 -1.000000 
127 7 Car -1 1 -1.000000 616.306742 184.606026 732.391706 254.957668 -1.000000 -1.000000 -1.000000 -1.000000 -1.000000 -1.000000 -1.000000 -1.000000 
127 8 Car -1 1 -1.000000 275.660590 184.180227 374.881468 250.300263 -1.000000 -1.000000 -1.000000 -1.000000 -1.000000 -1.000000 -1.000000 -1.000000 
127 9 Van -1 2 -1.000000 321.710542 177.961619 393.750860 237.127611 -1.000000 -1.000000 -1.000000 -1.000000 -1.000000 -1.000000 -1.000000 -1.000000 
127 10 Car -1 2 -1.000000 568.137967 178.757462 641.469951 231.174258 -1.000000 -1.000000 -1.000000 -1.000000 -1.000000 -1.000000 -1.000000 -1.000000 
127 11 Car -1 2 -1.000000 541.803117 180.946767 606.125806 222.390058 -1.000000 -1.000000 -1.000000 -1.000000 -1.000000 -1.000000 -1.000000 -1.000000 
127 15 Car -1 2 -1.000000 523.641868 183.342962 567.761431 214.359761 -1.000000 -1.000000 -1.000000 -1.000000 -1.000000 -1.000000 -1.000000 -1.000000 
128 1 Van -1 0 -1.000000 444.533468 172.748568 484.751798 213.398210 -1.000000 -1.000000 -1.000000 -1.000000 -1.000000 -1.000000 -1.000000 -1.000000 
128 2 Cyclist -1 0 -1.000000 574.883041 173.967572 637.466081 274.028547 -1.000000 -1.000000 -1.000000 -1.000000 -1.000000 -1.000000 -1.000000 -1.000000 
128 6 Car -1 0 -1.000000 712.546859 183.699669 852.368879 288.408238 -1.000000 -1.000000 -1.000000 -1.000000 -1.000000 -1.000000 -1.000000 -1.000000 
128 7 Car -1 1 -1.000000 612.424434 185.083156 732.984743 258.390649 -1.000000 -1.000000 -1.000000 -1.000000 -1.000000 -1.000000 -1.000000 -1.000000 
128 8 Car -1 1 -1.000000 253.639582 186.231703 359.583256 255.670253 -1.000000 -1.000000 -1.000000 -1.000000 -1.000000 -1.000000 -1.000000 -1.000000 
128 9 Van -1 2 -1.000000 301.467191 178.861856 375.874402 239.978606 -1.000000 -1.000000 -1.000000 -1.000000 -1.000000 -1.000000 -1.000000 -1.000000 
128 10 Car -1 2 -1.000000 555.698770 178.430811 630.511262 232.344458 -1.000000 -1.000000 -1.000000 -1.000000 -1.000000 -1.000000 -1.000000 -1.000000 
128 11 Car -1 2 -1.000000 528.736132 181.109527 594.512560 223.631707 -1.000000 -1.000000 -1.000000 -1.000000 -1.000000 -1.000000 -1.000000 -1.000000 
128 15 Car -1 2 -1.000000 512.131909 183.069468 556.408322 214.717207 -1.000000 -1.000000 -1.000000 -1.000000 -1.000000 -1.000000 -1.000000 -1.000000 
129 1 Van -1 0 -1.000000 438.087921 172.825752 477.204370 213.297827 -1.000000 -1.000000 -1.000000 -1.000000 -1.000000 -1.000000 -1.000000 -1.000000 
129 2 Cyclist -1 0 -1.000000 556.406164 173.697461 618.937252 273.720247 -1.000000 -1.000000 -1.000000 -1.000000 -1.000000 -1.000000 -1.000000 -1.000000 
129 6 Car -1 0 -1.000000 710.451259 182.685388 853.307365 292.460403 -1.000000 -1.000000 -1.000000 -1.000000 -1.000000 -1.000000 -1.000000 -1.000000 
129 7 Car -1 1 -1.000000 608.285340 185.590933 733.623264 262.111028 -1.000000 -1.000000 -1.000000 -1.000000 -1.000000 -1.000000 -1.000000 -1.000000 
129 8 Car -1 1 -1.000000 229.688896 188.422703 343.241126 261.511742 -1.000000 -1.000000 -1.000000 -1.000000 -1.000000 -1.000000 -1.000000 -1.000000 
129 9 Van -1 2 -1.000000 288.150246 182.006123 358.642778 245.244756 -1.000000 -1.000000 -1.000000 -1.000000 -1.000000 -1.000000 -1.000000 -1.000000 
129 10 Car -1 2 -1.000000 549.365742 179.606214 626.513621 235.046235 -1.000000 -1.000000 -1.000000 -1.000000 -1.000000 -1.000000 -1.000000 -1.000000 
129 11 Car -1 2 -1.000000 522.599429 182.043874 590.052544 225.469920 -1.000000 -1.000000 -1.000000 -1.000000 -1.000000 -1.000000 -1.000000 -1.000000 
129 15 Car -1 2 -1.000000 506.325753 184.498507 551.211863 216.936327 -1.000000 -1.000000 -1.000000 -1.000000 -1.000000 -1.000000 -1.000000 -1.000000 
130 1 Van -1 0 -1.000000 431.694206 172.902291 469.720453 213.198312 -1.000000 -1.000000 -1.000000 -1.000000 -1.000000 -1.000000 -1.000000 -1.000000 
130 2 Cyclist -1 0 -1.000000 544.403488 174.666044 606.012359 274.747655 -1.000000 -1.000000 -1.000000 -1.000000 -1.000000 -1.000000 -1.000000 -1.000000 
130 6 Car -1 0 -1.000000 713.938806 182.511913 862.794209 299.447319 -1.000000 -1.000000 -1.000000 -1.000000 -1.000000 -1.000000 -1.000000 -1.000000 
130 7 Car -1 1 -1.000000 603.862933 186.132409 734.312967 266.156466 -1.000000 -1.000000 -1.000000 -1.000000 -1.000000 -1.000000 -1.000000 -1.000000 
130 8 Car -1 1 -1.000000 210.107678 190.673326 330.669618 267.633995 -1.000000 -1.000000 -1.000000 -1.000000 -1.000000 -1.000000 -1.000000 -1.000000 
130 9 Van -1 2 -1.000000 270.288590 186.437711 352.152711 252.540822 -1.000000 -1.000000 -1.000000 -1.000000 -1.000000 -1.000000 -1.000000 -1.000000 
130 10 Car -1 2 -1.000000 542.720849 180.845583 622.292515 237.902483 -1.000000 -1.000000 -1.000000 -1.000000 -1.000000 -1.000000 -1.000000 -1.000000 
130 11 Car -1 2 -1.000000 516.233751 182.999602 585.408287 227.385781 -1.000000 -1.000000 -1.000000 -1.000000 -1.000000 -1.000000 -1.000000 -1.000000 
130 12 Car -1 2 -1.000000 304.824542 190.217243 355.951537 233.776763 -1.000000 -1.000000 -1.000000 -1.000000 -1.000000 -1.000000 -1.000000 -1.000000 
130 15 Car -1 2 -1.000000 500.309915 185.978136 545.812131 219.244053 -1.000000 -1.000000 -1.000000 -1.000000 -1.000000 -1.000000 -1.000000 -1.000000 
131 1 Van -1 0 -1.000000 424.950397 172.978192 462.299258 213.099653 -1.000000 -1.000000 -1.000000 -1.000000 -1.000000 -1.000000 -1.000000 -1.000000 
131 2 Cyclist -1 0 -1.000000 532.388040 175.634813 593.084140 275.775753 -1.000000 -1.000000 -1.000000 -1.000000 -1.000000 -1.000000 -1.000000 -1.000000 
131 6 Car -1 0 -1.000000 717.882638 182.321223 873.223687 307.419193 -1.000000 -1.000000 -1.000000 -1.000000 -1.000000 -1.000000 -1.000000 -1.000000 
131 7 Car -1 1 -1.000000 599.126900 186.711058 735.060543 270.571504 -1.000000 -1.000000 -1.000000 -1.000000 -1.000000 -1.000000 -1.000000 -1.000000 
131 8 Car -1 1 -1.000000 188.724689 193.081610 317.213814 274.321064 -1.000000 -1.000000 -1.000000 -1.000000 -1.000000 -1.000000 -1.000000 -1.000000 
131 9 Van -1 2 -1.000000 257.458346 186.600595 342.732964 254.852650 -1.000000 -1.000000 -1.000000 -1.000000 -1.000000 -1.000000 -1.000000 -1.000000 
131 10 Car -1 2 -1.000000 541.534146 181.340316 622.977169 240.140290 -1.000000 -1.000000 -1.000000 -1.000000 -1.000000 -1.000000 -1.000000 -1.000000 
131 11 Car -1 2 -1.000000 509.625719 183.894287 580.568516 229.384284 -1.000000 -1.000000 -1.000000 -1.000000 -1.000000 -1.000000 -1.000000 -1.000000 
131 12 Car -1 2 -1.000000 294.952417 190.455305 350.990895 235.156251 -1.000000 -1.000000 -1.000000 -1.000000 -1.000000 -1.000000 -1.000000 -1.000000 
131 15 Car -1 2 -1.000000 494.072793 187.511094 540.196998 221.645793 -1.000000 -1.000000 -1.000000 -1.000000 -1.000000 -1.000000 -1.000000 -1.000000 
132 1 Van -1 0 -1.000000 423.060804 172.935280 460.189928 212.790627 -1.000000 -1.000000 -1.000000 -1.000000 -1.000000 -1.000000 -1.000000 -1.000000 
132 2 Cyclist -1 0 -1.000000 523.965026 176.504381 584.115804 276.568650 -1.000000 -1.000000 -1.000000 -1.000000 -1.000000 -1.000000 -1.000000 -1.000000 
132 6 Car -1 0 -1.000000 722.378564 182.110622 884.743636 316.600096 -1.000000 -1.000000 -1.000000 -1.000000 -1.000000 -1.000000 -1.000000 -1.000000 
132 7 Car -1 0 -1.000000 594.042443 187.330848 735.873906 275.409210 -1.000000 -1.000000 -1.000000 -1.000000 -1.000000 -1.000000 -1.000000 -1.000000 
132 8 Car -1 1 -1.000000 171.904325 196.237262 309.417276 281.884640 -1.000000 -1.000000 -1.000000 -1.000000 -1.000000 -1.000000 -1.000000 -1.000000 
132 9 Van -1 2 -1.000000 243.781337 186.772125 332.813241 257.317243 -1.000000 -1.000000 -1.000000 -1.000000 -1.000000 -1.000000 -1.000000 -1.000000 
132 10 Car -1 2 -1.000000 540.285090 181.865551 623.703671 242.518109 -1.000000 -1.000000 -1.000000 -1.000000 -1.000000 -1.000000 -1.000000 -1.000000 
132 11 Car -1 2 -1.000000 511.942332 183.342856 583.583596 230.031823 -1.000000 -1.000000 -1.000000 -1.000000 -1.000000 -1.000000 -1.000000 -1.000000 
132 12 Car -1 2 -1.000000 284.601187 190.704245 345.799028 236.602660 -1.000000 -1.000000 -1.000000 -1.000000 -1.000000 -1.000000 -1.000000 -1.000000 
132 15 Car -1 2 -1.000000 492.941086 187.962291 540.123601 222.785212 -1.000000 -1.000000 -1.000000 -1.000000 -1.000000 -1.000000 -1.000000 -1.000000 
133 1 Van -1 0 -1.000000 418.990517 172.934600 456.104442 212.723533 -1.000000 -1.000000 -1.000000 -1.000000 -1.000000 -1.000000 -1.000000 -1.000000 
133 2 Cyclist -1 0 -1.000000 515.553137 177.371811 575.168633 277.359875 -1.000000 -1.000000 -1.000000 -1.000000 -1.000000 -1.000000 -1.000000 -1.000000 
133 6 Car -1 0 -1.000000 733.897898 181.718892 901.856079 326.634654 -1.000000 -1.000000 -1.000000 -1.000000 -1.000000 -1.000000 -1.000000 -1.000000 
133 7 Car -1 0 -1.000000 596.571083 186.072206 745.082451 278.519686 -1.000000 -1.000000 -1.000000 -1.000000 -1.000000 -1.000000 -1.000000 -1.000000 
133 8 Car -1 1 -1.000000 153.623027 199.600974 301.104680 290.106758 -1.000000 -1.000000 -1.000000 -1.000000 -1.000000 -1.000000 -1.000000 -1.000000 
133 9 Van -1 2 -1.000000 232.758565 188.766017 327.441762 262.110303 -1.000000 -1.000000 -1.000000 -1.000000 -1.000000 -1.000000 -1.000000 -1.000000 
133 10 Car -1 2 -1.000000 538.968604 182.415334 624.476014 245.049504 -1.000000 -1.000000 -1.000000 -1.000000 -1.000000 -1.000000 -1.000000 -1.000000 
133 11 Car -1 2 -1.000000 514.378739 182.764293 586.765589 230.715647 -1.000000 -1.000000 -1.000000 -1.000000 -1.000000 -1.000000 -1.000000 -1.000000 
133 12 Car -1 2 -1.000000 278.778406 190.915895 340.536069 238.040461 -1.000000 -1.000000 -1.000000 -1.000000 -1.000000 -1.000000 -1.000000 -1.000000 
133 15 Car -1 2 -1.000000 491.771168 188.428514 540.047047 223.967670 -1.000000 -1.000000 -1.000000 -1.000000 -1.000000 -1.000000 -1.000000 -1.000000 
134 1 Van -1 0 -1.000000 422.527612 172.049991 459.376713 211.583737 -1.000000 -1.000000 -1.000000 -1.000000 -1.000000 -1.000000 -1.000000 -1.000000 
134 2 Cyclist -1 0 -1.000000 507.152317 178.237105 566.242594 278.149427 -1.000000 -1.000000 -1.000000 -1.000000 -1.000000 -1.000000 -1.000000 -1.000000 
134 6 Car -1 0 -1.000000 747.216119 181.283273 921.427526 338.389338 -1.000000 -1.000000 -1.000000 -1.000000 -1.000000 -1.000000 -1.000000 -1.000000 
134 7 Car -1 0 -1.000000 599.317612 184.707821 755.330087 281.987747 -1.000000 -1.000000 -1.000000 -1.000000 -1.000000 -1.000000 -1.000000 -1.000000 
134 8 Car -1 1 -1.000000 139.562992 197.964532 296.409056 291.879530 -1.000000 -1.000000 -1.000000 -1.000000 -1.000000 -1.000000 -1.000000 -1.000000 
134 9 Van -1 2 -1.000000 226.677058 187.649659 326.125835 263.011804 -1.000000 -1.000000 -1.000000 -1.000000 -1.000000 -1.000000 -1.000000 -1.000000 
134 10 Car -1 2 -1.000000 541.138243 180.219277 629.539875 244.951363 -1.000000 -1.000000 -1.000000 -1.000000 -1.000000 -1.000000 -1.000000 -1.000000 
134 11 Car -1 2 -1.000000 516.943771 182.085033 590.129656 231.438946 -1.000000 -1.000000 -1.000000 -1.000000 -1.000000 -1.000000 -1.000000 -1.000000 
134 12 Car -1 2 -1.000000 272.651222 191.137320 335.028602 239.554491 -1.000000 -1.000000 -1.000000 -1.000000 -1.000000 -1.000000 -1.000000 -1.000000 
134 15 Car -1 2 -1.000000 490.561051 188.910528 539.967155 225.195650 -1.000000 -1.000000 -1.000000 -1.000000 -1.000000 -1.000000 -1.000000 -1.000000 
135 1 Van -1 0 -1.000000 426.021599 171.176042 462.609526 210.457840 -1.000000 -1.000000 -1.000000 -1.000000 -1.000000 -1.000000 -1.000000 -1.000000 
135 2 Cyclist -1 0 -1.000000 505.833579 176.256913 563.727446 276.289513 -1.000000 -1.000000 -1.000000 -1.000000 -1.000000 -1.000000 -1.000000 -1.000000 
135 6 Car -1 0 -1.000000 767.172069 180.309874 961.315443 353.365436 -1.000000 -1.000000 -1.000000 -1.000000 -1.000000 -1.000000 -1.000000 -1.000000 
135 7 Car -1 0 -1.000000 606.142611 183.076637 771.562147 285.481410 -1.000000 -1.000000 -1.000000 -1.000000 -1.000000 -1.000000 -1.000000 -1.000000 
135 8 Car -1 1 -1.000000 124.218615 196.217032 291.392301 293.814247 -1.000000 -1.000000 -1.000000 -1.000000 -1.000000 -1.000000 -1.000000 -1.000000 
135 9 Van -1 2 -1.000000 221.236175 185.824186 325.639676 263.225504 -1.000000 -1.000000 -1.000000 -1.000000 -1.000000 -1.000000 -1.000000 -1.000000 
135 10 Car -1 1 -1.000000 543.436883 177.859455 634.959388 244.846147 -1.000000 -1.000000 -1.000000 -1.000000 -1.000000 -1.000000 -1.000000 -1.000000 
135 11 Car -1 2 -1.000000 519.647172 181.357149 593.692828 232.205293 -1.000000 -1.000000 -1.000000 -1.000000 -1.000000 -1.000000 -1.000000 -1.000000 
135 12 Car -1 2 -1.000000 273.844279 191.289234 337.414619 240.814262 -1.000000 -1.000000 -1.000000 -1.000000 -1.000000 -1.000000 -1.000000 -1.000000 
135 15 Car -1 2 -1.000000 496.655329 185.865103 546.814288 222.580370 -1.000000 -1.000000 -1.000000 -1.000000 -1.000000 -1.000000 -1.000000 -1.000000 
136 1 Van -1 0 -1.000000 429.473261 170.312563 465.803591 209.345589 -1.000000 -1.000000 -1.000000 -1.000000 -1.000000 -1.000000 -1.000000 -1.000000 
136 2 Cyclist -1 0 -1.000000 504.516092 174.267907 561.196210 274.422869 -1.000000 -1.000000 -1.000000 -1.000000 -1.000000 -1.000000 -1.000000 -1.000000 
136 6 Car -1 0 -1.000000 791.179189 179.194253 1010.521447 371.837351 -1.000000 -1.000000 -1.000000 -1.000000 -1.000000 -1.000000 -1.000000 -1.000000 
136 7 Car -1 0 -1.000000 613.581844 180.955782 789.795255 289.413318 -1.000000 -1.000000 -1.000000 -1.000000 -1.000000 -1.000000 -1.000000 -1.000000 
136 8 Car -1 1 -1.000000 107.405280 194.346739 286.020433 295.934221 -1.000000 -1.000000 -1.000000 -1.000000 -1.000000 -1.000000 -1.000000 -1.000000 
136 9 Van -1 2 -1.000000 215.423321 183.899259 325.124266 263.453239 -1.000000 -1.000000 -1.000000 -1.000000 -1.000000 -1.000000 -1.000000 -1.000000 
136 10 Car -1 1 -1.000000 550.339166 175.187427 644.615475 244.554829 -1.000000 -1.000000 -1.000000 -1.000000 -1.000000 -1.000000 -1.000000 -1.000000 
136 11 Car -1 2 -1.000000 524.179453 179.127228 600.250650 231.173010 -1.000000 -1.000000 -1.000000 -1.000000 -1.000000 -1.000000 -1.000000 -1.000000 
136 12 Car -1 2 -1.000000 275.091729 191.446964 339.891887 242.131337 -1.000000 -1.000000 -1.000000 -1.000000 -1.000000 -1.000000 -1.000000 -1.000000 
136 15 Car -1 2 -1.000000 503.004109 182.692335 553.984946 219.841106 -1.000000 -1.000000 -1.000000 -1.000000 -1.000000 -1.000000 -1.000000 -1.000000 
137 1 Van -1 0 -1.000000 437.042858 169.353240 473.061614 208.111156 -1.000000 -1.000000 -1.000000 -1.000000 -1.000000 -1.000000 -1.000000 -1.000000 
137 2 Cyclist -1 0 -1.000000 506.828864 172.107950 562.656195 272.253440 -1.000000 -1.000000 -1.000000 -1.000000 -1.000000 -1.000000 -1.000000 -1.000000 
137 6 Car -1 0 -1.000000 820.599838 177.902642 1072.740886 395.191225 -1.000000 -1.000000 -1.000000 -1.000000 -1.000000 -1.000000 -1.000000 -1.000000 
137 7 Car -1 0 -1.000000 621.721661 178.240809 810.424689 293.871580 -1.000000 -1.000000 -1.000000 -1.000000 -1.000000 -1.000000 -1.000000 -1.000000 
137 8 Car -1 1 -1.000000 93.802975 194.934464 285.018623 301.642479 -1.000000 -1.000000 -1.000000 -1.000000 -1.000000 -1.000000 -1.000000 -1.000000 
137 9 Van -1 2 -1.000000 209.198736 181.794137 324.577092 263.696512 -1.000000 -1.000000 -1.000000 -1.000000 -1.000000 -1.000000 -1.000000 -1.000000 
137 10 Car -1 1 -1.000000 557.669987 172.311143 655.000679 244.240058 -1.000000 -1.000000 -1.000000 -1.000000 -1.000000 -1.000000 -1.000000 -1.000000 
137 11 Car -1 2 -1.000000 528.903473 176.786371 607.134318 230.088802 -1.000000 -1.000000 -1.000000 -1.000000 -1.000000 -1.000000 -1.000000 -1.000000 
137 12 Car -1 2 -1.000000 276.397368 191.610851 342.465750 243.509718 -1.000000 -1.000000 -1.000000 -1.000000 -1.000000 -1.000000 -1.000000 -1.000000 
137 15 Car -1 2 -1.000000 509.623519 179.010674 561.502821 216.968949 -1.000000 -1.000000 -1.000000 -1.000000 -1.000000 -1.000000 -1.000000 -1.000000 
138 1 Van -1 0 -1.000000 444.510741 168.406055 480.225972 206.893474 -1.000000 -1.000000 -1.000000 -1.000000 -1.000000 -1.000000 -1.000000 -1.000000 
138 2 Cyclist -1 0 -1.000000 509.144457 169.944045 564.114348 270.082179 -1.000000 -1.000000 -1.000000 -1.000000 -1.000000 -1.000000 -1.000000 -1.000000 
138 6 Car -1 0 -1.000000 857.484156 176.159266 1153.920324 425.657646 -1.000000 -1.000000 -1.000000 -1.000000 -1.000000 -1.000000 -1.000000 -1.000000 
138 7 Car -1 0 -1.000000 633.112099 178.826441 836.545698 303.334202 -1.000000 -1.000000 -1.000000 -1.000000 -1.000000 -1.000000 -1.000000 -1.000000 
138 8 Car -1 1 -1.000000 78.864434 195.565500 283.929309 307.919104 -1.000000 -1.000000 -1.000000 -1.000000 -1.000000 -1.000000 -1.000000 -1.000000 
138 9 Van -1 2 -1.000000 207.178207 181.197167 328.106553 265.642476 -1.000000 -1.000000 -1.000000 -1.000000 -1.000000 -1.000000 -1.000000 -1.000000 
138 10 Car -1 1 -1.000000 566.991080 171.847572 667.973247 246.563300 -1.000000 -1.000000 -1.000000 -1.000000 -1.000000 -1.000000 -1.000000 -1.000000 
138 11 Car -1 2 -1.000000 533.831640 174.326099 614.368765 228.948663 -1.000000 -1.000000 -1.000000 -1.000000 -1.000000 -1.000000 -1.000000 -1.000000 
138 12 Car -1 2 -1.000000 278.329933 191.716092 347.639200 244.950163 -1.000000 -1.000000 -1.000000 -1.000000 -1.000000 -1.000000 -1.000000 -1.000000 
138 13 Pedestrian -1 2 -1.000000 703.323442 160.046120 746.721182 228.162761 -1.000000 -1.000000 -1.000000 -1.000000 -1.000000 -1.000000 -1.000000 -1.000000 
138 14 Car -1 -1 -1.000000 307.201766 185.909747 359.779058 226.102548 -1.000000 -1.000000 -1.000000 -1.000000 -1.000000 -1.000000 -1.000000 -1.000000 
138 15 Car -1 2 -1.000000 518.255920 178.293611 571.289697 217.160154 -1.000000 -1.000000 -1.000000 -1.000000 -1.000000 -1.000000 -1.000000 -1.000000 
139 1 Van -1 0 -1.000000 451.878875 167.470801 487.298333 205.692230 -1.000000 -1.000000 -1.000000 -1.000000 -1.000000 -1.000000 -1.000000 -1.000000 
139 2 Cyclist -1 0 -1.000000 511.462847 167.776239 565.570707 267.909159 -1.000000 -1.000000 -1.000000 -1.000000 -1.000000 -1.000000 -1.000000 -1.000000 
139 7 Car -1 0 -1.000000 645.760984 179.508776 866.940001 314.356063 -1.000000 -1.000000 -1.000000 -1.000000 -1.000000 -1.000000 -1.000000 -1.000000 
139 8 Car -1 1 -1.000000 62.380419 196.244824 282.742161 314.853422 -1.000000 -1.000000 -1.000000 -1.000000 -1.000000 -1.000000 -1.000000 -1.000000 
139 9 Van -1 2 -1.000000 205.045506 180.560795 331.803533 267.710853 -1.000000 -1.000000 -1.000000 -1.000000 -1.000000 -1.000000 -1.000000 -1.000000 
139 10 Car -1 1 -1.000000 576.917502 171.346433 681.994411 249.071951 -1.000000 -1.000000 -1.000000 -1.000000 -1.000000 -1.000000 -1.000000 -1.000000 
139 11 Car -1 2 -1.000000 542.657563 175.046733 625.313507 231.399022 -1.000000 -1.000000 -1.000000 -1.000000 -1.000000 -1.000000 -1.000000 -1.000000 
139 12 Car -1 2 -1.000000 280.376213 191.826236 353.024824 246.461557 -1.000000 -1.000000 -1.000000 -1.000000 -1.000000 -1.000000 -1.000000 -1.000000 
139 13 Pedestrian -1 2 -1.000000 719.142643 160.014289 764.757944 231.225800 -1.000000 -1.000000 -1.000000 -1.000000 -1.000000 -1.000000 -1.000000 -1.000000 
139 14 Car -1 -1 -1.000000 311.643916 186.474052 366.338274 227.554541 -1.000000 -1.000000 -1.000000 -1.000000 -1.000000 -1.000000 -1.000000 -1.000000 
139 15 Car -1 2 -1.000000 527.261546 177.540630 581.563556 217.360392 -1.000000 -1.000000 -1.000000 -1.000000 -1.000000 -1.000000 -1.000000 -1.000000 
140 1 Van -1 0 -1.000000 462.629429 168.486352 497.697596 206.429495 -1.000000 -1.000000 -1.000000 -1.000000 -1.000000 -1.000000 -1.000000 -1.000000 
140 2 Cyclist -1 0 -1.000000 515.615883 168.513612 569.684838 268.705671 -1.000000 -1.000000 -1.000000 -1.000000 -1.000000 -1.000000 -1.000000 -1.000000 
140 7 Car -1 0 -1.000000 659.886983 180.313706 902.754787 327.357019 -1.000000 -1.000000 -1.000000 -1.000000 -1.000000 -1.000000 -1.000000 -1.000000 
140 8 Car -1 0 -1.000000 44.095492 196.978202 281.445211 322.554517 -1.000000 -1.000000 -1.000000 -1.000000 -1.000000 -1.000000 -1.000000 -1.000000 
140 9 Van -1 2 -1.000000 201.619766 181.198862 335.244776 271.665719 -1.000000 -1.000000 -1.000000 -1.000000 -1.000000 -1.000000 -1.000000 -1.000000 
140 10 Car -1 1 -1.000000 587.509712 170.802960 697.197484 251.789150 -1.000000 -1.000000 -1.000000 -1.000000 -1.000000 -1.000000 -1.000000 -1.000000 
140 11 Car -1 2 -1.000000 551.954463 175.814859 636.966019 234.005868 -1.000000 -1.000000 -1.000000 -1.000000 -1.000000 -1.000000 -1.000000 -1.000000 
140 12 Car -1 2 -1.000000 282.545366 191.941624 358.636736 248.049285 -1.000000 -1.000000 -1.000000 -1.000000 -1.000000 -1.000000 -1.000000 -1.000000 
140 13 Pedestrian -1 2 -1.000000 736.382890 159.979626 784.508023 234.578146 -1.000000 -1.000000 -1.000000 -1.000000 -1.000000 -1.000000 -1.000000 -1.000000 
140 14 Car -1 -1 -1.000000 316.274177 187.058285 373.117494 229.062410 -1.000000 -1.000000 -1.000000 -1.000000 -1.000000 -1.000000 -1.000000 -1.000000 
140 15 Car -1 2 -1.000000 536.325638 180.726162 591.559870 221.472868 -1.000000 -1.000000 -1.000000 -1.000000 -1.000000 -1.000000 -1.000000 -1.000000 
141 1 Van -1 0 -1.000000 473.217054 169.487630 507.946818 207.155187 -1.000000 -1.000000 -1.000000 -1.000000 -1.000000 -1.000000 -1.000000 -1.000000 
141 2 Cyclist -1 0 -1.000000 519.771761 169.252232 573.804571 269.502612 -1.000000 -1.000000 -1.000000 -1.000000 -1.000000 -1.000000 -1.000000 -1.000000 
141 7 Car -1 0 -1.000000 675.762646 181.277275 945.587959 342.922523 -1.000000 -1.000000 -1.000000 -1.000000 -1.000000 -1.000000 -1.000000 -1.000000 
141 8 Car -1 0 -1.000000 23.694513 197.772358 280.024505 331.157011 -1.000000 -1.000000 -1.000000 -1.000000 -1.000000 -1.000000 -1.000000 -1.000000 
141 9 Van -1 2 -1.000000 197.945017 181.838575 338.883140 275.928329 -1.000000 -1.000000 -1.000000 -1.000000 -1.000000 -1.000000 -1.000000 -1.000000 
141 10 Car -1 1 -1.000000 597.115824 171.010158 712.055518 255.991553 -1.000000 -1.000000 -1.000000 -1.000000 -1.000000 -1.000000 -1.000000 -1.000000 
141 11 Car -1 2 -1.000000 561.760693 176.635262 649.397869 236.784616 -1.000000 -1.000000 -1.000000 -1.000000 -1.000000 -1.000000 -1.000000 -1.000000 
141 12 Car -1 2 -1.000000 284.847497 192.062622 364.490372 249.719294 -1.000000 -1.000000 -1.000000 -1.000000 -1.000000 -1.000000 -1.000000 -1.000000 
141 13 Pedestrian -1 2 -1.000000 755.243939 159.941709 806.228531 238.262799 -1.000000 -1.000000 -1.000000 -1.000000 -1.000000 -1.000000 -1.000000 -1.000000 
141 14 Car -1 -1 -1.000000 321.103893 187.663563 380.128665 230.629390 -1.000000 -1.000000 -1.000000 -1.000000 -1.000000 -1.000000 -1.000000 -1.000000 
141 15 Car -1 2 -1.000000 545.746329 183.791722 602.013669 225.770483 -1.000000 -1.000000 -1.000000 -1.000000 -1.000000 -1.000000 -1.000000 -1.000000 
142 1 Van -1 0 -1.000000 482.718287 169.499449 517.147060 206.902376 -1.000000 -1.000000 -1.000000 -1.000000 -1.000000 -1.000000 -1.000000 -1.000000 
142 2 Cyclist -1 0 -1.000000 523.930498 169.992097 577.929903 270.299976 -1.000000 -1.000000 -1.000000 -1.000000 -1.000000 -1.000000 -1.000000 -1.000000 
142 7 Car -1 0 -1.000000 693.732111 182.111068 997.733631 361.894228 -1.000000 -1.000000 -1.000000 -1.000000 -1.000000 -1.000000 -1.000000 -1.000000 
142 9 Van -1 2 -1.000000 193.991506 182.376864 342.737147 280.535986 -1.000000 -1.000000 -1.000000 -1.000000 -1.000000 -1.000000 -1.000000 -1.000000 
142 10 Car -1 1 -1.000000 607.500576 171.239404 728.454620 260.624884 -1.000000 -1.000000 -1.000000 -1.000000 -1.000000 -1.000000 -1.000000 -1.000000 
142 11 Car -1 2 -1.000000 572.118912 177.513390 662.690570 239.752774 -1.000000 -1.000000 -1.000000 -1.000000 -1.000000 -1.000000 -1.000000 -1.000000 
142 12 Car -1 2 -1.000000 287.293782 192.189636 370.602637 251.478169 -1.000000 -1.000000 -1.000000 -1.000000 -1.000000 -1.000000 -1.000000 -1.000000 
142 13 Pedestrian -1 2 -1.000000 775.964841 159.900026 830.230699 242.331726 -1.000000 -1.000000 -1.000000 -1.000000 -1.000000 -1.000000 -1.000000 -1.000000 
142 14 Car -1 -1 -1.000000 326.145296 188.291087 387.384639 232.258968 -1.000000 -1.000000 -1.000000 -1.000000 -1.000000 -1.000000 -1.000000 -1.000000 
142 15 Car -1 2 -1.000000 554.164757 181.033572 611.898883 223.836014 -1.000000 -1.000000 -1.000000 -1.000000 -1.000000 -1.000000 -1.000000 -1.000000 
143 1 Van -1 0 -1.000000 492.086419 169.511288 526.224024 206.652846 -1.000000 -1.000000 -1.000000 -1.000000 -1.000000 -1.000000 -1.000000 -1.000000 
143 2 Cyclist -1 0 -1.000000 528.092111 170.733205 582.060827 271.097757 -1.000000 -1.000000 -1.000000 -1.000000 -1.000000 -1.000000 -1.000000 -1.000000 
143 7 Car -1 0 -1.000000 710.216961 182.739050 1058.794709 386.760809 -1.000000 -1.000000 -1.000000 -1.000000 -1.000000 -1.000000 -1.000000 -1.000000 
143 9 Van -1 2 -1.000000 186.776133 181.671852 344.349046 283.708945 -1.000000 -1.000000 -1.000000 -1.000000 -1.000000 -1.000000 -1.000000 -1.000000 
143 10 Car -1 1 -1.000000 618.761791 171.494330 746.649175 265.758951 -1.000000 -1.000000 -1.000000 -1.000000 -1.000000 -1.000000 -1.000000 -1.000000 
143 11 Car -1 2 -1.000000 583.076714 178.455475 676.937379 242.930313 -1.000000 -1.000000 -1.000000 -1.000000 -1.000000 -1.000000 -1.000000 -1.000000 
143 12 Car -1 2 -1.000000 289.896621 192.323110 376.992098 253.333216 -1.000000 -1.000000 -1.000000 -1.000000 -1.000000 -1.000000 -1.000000 -1.000000 
143 13 Pedestrian -1 2 -1.000000 798.834125 159.853954 856.894928 246.848327 -1.000000 -1.000000 -1.000000 -1.000000 -1.000000 -1.000000 -1.000000 -1.000000 
143 14 Car -1 -1 -1.000000 331.411597 188.942148 394.899266 233.954913 -1.000000 -1.000000 -1.000000 -1.000000 -1.000000 -1.000000 -1.000000 -1.000000 
143 15 Car -1 2 -1.000000 563.022131 181.643574 622.380141 225.648377 -1.000000 -1.000000 -1.000000 -1.000000 -1.000000 -1.000000 -1.000000 -1.000000 
144 1 Van -1 0 -1.000000 501.324077 169.523146 535.179919 206.406535 -1.000000 -1.000000 -1.000000 -1.000000 -1.000000 -1.000000 -1.000000 -1.000000 
144 2 Cyclist -1 0 -1.000000 532.256620 171.475553 586.197340 271.895949 -1.000000 -1.000000 -1.000000 -1.000000 -1.000000 -1.000000 -1.000000 -1.000000 
144 7 Car -1 0 -1.000000 729.381183 183.469285 1138.080109 419.146712 -1.000000 -1.000000 -1.000000 -1.000000 -1.000000 -1.000000 -1.000000 -1.000000 
144 9 Van -1 2 -1.000000 178.954548 180.774156 346.055086 287.154388 -1.000000 -1.000000 -1.000000 -1.000000 -1.000000 -1.000000 -1.000000 -1.000000 
144 10 Car -1 1 -1.000000 631.014440 171.779410 766.952737 271.479502 -1.000000 -1.000000 -1.000000 -1.000000 -1.000000 -1.000000 -1.000000 -1.000000 
144 11 Car -1 2 -1.000000 591.910329 177.343016 689.340245 244.360492 -1.000000 -1.000000 -1.000000 -1.000000 -1.000000 -1.000000 -1.000000 -1.000000 
144 12 Car -1 2 -1.000000 290.045789 191.230713 381.070353 253.956269 -1.000000 -1.000000 -1.000000 -1.000000 -1.000000 -1.000000 -1.000000 -1.000000 
144 13 Pedestrian -1 2 -1.000000 819.893518 158.479030 882.407252 250.824104 -1.000000 -1.000000 -1.000000 -1.000000 -1.000000 -1.000000 -1.000000 -1.000000 
144 14 Car -1 -1 -1.000000 335.612488 188.021576 400.460329 233.973653 -1.000000 -1.000000 -1.000000 -1.000000 -1.000000 -1.000000 -1.000000 -1.000000 
144 15 Car -1 2 -1.000000 572.317887 182.198622 633.468426 227.564221 -1.000000 -1.000000 -1.000000 -1.000000 -1.000000 -1.000000 -1.000000 -1.000000 
145 1 Van -1 0 -1.000000 510.024336 167.886866 543.654880 204.557126 -1.000000 -1.000000 -1.000000 -1.000000 -1.000000 -1.000000 -1.000000 -1.000000 
145 2 Cyclist -1 0 -1.000000 537.966507 170.061573 591.593853 270.532815 -1.000000 -1.000000 -1.000000 -1.000000 -1.000000 -1.000000 -1.000000 -1.000000 
145 9 Van -1 2 -1.000000 169.665060 178.925729 347.584587 290.354071 -1.000000 -1.000000 -1.000000 -1.000000 -1.000000 -1.000000 -1.000000 -1.000000 
145 10 Car -1 1 -1.000000 644.394580 172.100221 789.756303 277.893052 -1.000000 -1.000000 -1.000000 -1.000000 -1.000000 -1.000000 -1.000000 -1.000000 
145 11 Car -1 2 -1.000000 601.330982 176.137245 702.775178 245.907277 -1.000000 -1.000000 -1.000000 -1.000000 -1.000000 -1.000000 -1.000000 -1.000000 
145 12 Car -1 2 -1.000000 290.215261 190.078916 385.364479 254.618878 -1.000000 -1.000000 -1.000000 -1.000000 -1.000000 -1.000000 -1.000000 -1.000000 
145 13 Pedestrian -1 2 -1.000000 843.525515 156.923468 911.273052 255.319910 -1.000000 -1.000000 -1.000000 -1.000000 -1.000000 -1.000000 -1.000000 -1.000000 
145 14 Car -1 -1 -1.000000 340.023158 187.061696 406.257898 233.993105 -1.000000 -1.000000 -1.000000 -1.000000 -1.000000 -1.000000 -1.000000 -1.000000 
145 15 Car -1 2 -1.000000 582.085281 182.773692 645.218227 229.592647 -1.000000 -1.000000 -1.000000 -1.000000 -1.000000 -1.000000 -1.000000 -1.000000 
146 1 Van -1 0 -1.000000 518.628831 166.267363 552.041253 202.728339 -1.000000 -1.000000 -1.000000 -1.000000 -1.000000 -1.000000 -1.000000 -1.000000 
146 2 Cyclist -1 0 -1.000000 543.682818 168.644009 597.000715 269.167179 -1.000000 -1.000000 -1.000000 -1.000000 -1.000000 -1.000000 -1.000000 -1.000000 
146 9 Van -1 2 -1.000000 159.469937 176.887547 349.214214 293.870293 -1.000000 -1.000000 -1.000000 -1.000000 -1.000000 -1.000000 -1.000000 -1.000000 
146 10 Car -1 0 -1.000000 655.880391 170.064465 811.975754 282.835295 -1.000000 -1.000000 -1.000000 -1.000000 -1.000000 -1.000000 -1.000000 -1.000000 
146 11 Car -1 2 -1.000000 611.398734 174.825963 717.377410 247.585623 -1.000000 -1.000000 -1.000000 -1.000000 -1.000000 -1.000000 -1.000000 -1.000000 
146 12 Car -1 2 -1.000000 290.407300 188.862656 389.892732 255.325057 -1.000000 -1.000000 -1.000000 -1.000000 -1.000000 -1.000000 -1.000000 -1.000000 
146 13 Pedestrian -1 2 -1.000000 870.231420 155.149160 944.200931 260.444933 -1.000000 -1.000000 -1.000000 -1.000000 -1.000000 -1.000000 -1.000000 -1.000000 
146 14 Car -1 -1 -1.000000 342.821051 185.499272 412.096795 233.396734 -1.000000 -1.000000 -1.000000 -1.000000 -1.000000 -1.000000 -1.000000 -1.000000 
146 15 Car -1 2 -1.000000 592.361032 183.379098 657.690743 231.743859 -1.000000 -1.000000 -1.000000 -1.000000 -1.000000 -1.000000 -1.000000 -1.000000 
147 1 Van -1 0 -1.000000 527.048298 165.767199 560.251008 202.029794 -1.000000 -1.000000 -1.000000 -1.000000 -1.000000 -1.000000 -1.000000 -1.000000 
147 2 Cyclist -1 0 -1.000000 549.405620 167.222881 602.417901 267.799076 -1.000000 -1.000000 -1.000000 -1.000000 -1.000000 -1.000000 -1.000000 -1.000000 
147 9 Van -1 2 -1.000000 148.227657 174.629008 350.955335 297.752739 -1.000000 -1.000000 -1.000000 -1.000000 -1.000000 -1.000000 -1.000000 -1.000000 
147 10 Car -1 0 -1.000000 668.554638 167.736984 837.372573 288.474234 -1.000000 -1.000000 -1.000000 -1.000000 -1.000000 -1.000000 -1.000000 -1.000000 
147 11 Car -1 2 -1.000000 622.182152 173.394749 733.306828 249.413162 -1.000000 -1.000000 -1.000000 -1.000000 -1.000000 -1.000000 -1.000000 -1.000000 
147 12 Car -1 2 -1.000000 286.959006 187.696397 392.090728 256.513127 -1.000000 -1.000000 -1.000000 -1.000000 -1.000000 -1.000000 -1.000000 -1.000000 
147 13 Pedestrian -1 2 -1.000000 900.651846 153.106468 982.114221 266.341223 -1.000000 -1.000000 -1.000000 -1.000000 -1.000000 -1.000000 -1.000000 -1.000000 
147 14 Car -1 -1 -1.000000 345.784652 183.863816 418.197718 232.766566 -1.000000 -1.000000 -1.000000 -1.000000 -1.000000 -1.000000 -1.000000 -1.000000 
147 15 Car -1 2 -1.000000 601.355117 179.344250 668.948892 228.938712 -1.000000 -1.000000 -1.000000 -1.000000 -1.000000 -1.000000 -1.000000 -1.000000 
148 1 Van -1 1 -1.000000 535.376483 165.272179 568.376063 201.338829 -1.000000 -1.000000 -1.000000 -1.000000 -1.000000 -1.000000 -1.000000 -1.000000 
148 2 Cyclist -1 0 -1.000000 555.134982 165.798211 607.845381 266.428546 -1.000000 -1.000000 -1.000000 -1.000000 -1.000000 -1.000000 -1.000000 -1.000000 
148 9 Van -1 2 -1.000000 129.474430 175.162524 348.632846 305.857407 -1.000000 -1.000000 -1.000000 -1.000000 -1.000000 -1.000000 -1.000000 -1.000000 
148 10 Car -1 0 -1.000000 682.839152 165.040485 866.992024 294.954380 -1.000000 -1.000000 -1.000000 -1.000000 -1.000000 -1.000000 -1.000000 -1.000000 
148 11 Car -1 2 -1.000000 633.759883 171.826431 750.753872 251.410820 -1.000000 -1.000000 -1.000000 -1.000000 -1.000000 -1.000000 -1.000000 -1.000000 
148 12 Car -1 2 -1.000000 283.239079 186.452431 394.427791 257.797284 -1.000000 -1.000000 -1.000000 -1.000000 -1.000000 -1.000000 -1.000000 -1.000000 
148 13 Pedestrian -1 1 -1.000000 935.618738 150.729505 1026.239028 273.197072 -1.000000 -1.000000 -1.000000 -1.000000 -1.000000 -1.000000 -1.000000 -1.000000 
148 14 Car -1 -1 -1.000000 348.927717 182.149919 424.579716 232.099895 -1.000000 -1.000000 -1.000000 -1.000000 -1.000000 -1.000000 -1.000000 -1.000000 
148 15 Car -1 2 -1.000000 610.873653 174.683533 680.988884 225.940119 -1.000000 -1.000000 -1.000000 -1.000000 -1.000000 -1.000000 -1.000000 -1.000000 
149 1 Van -1 1 -1.000000 543.614777 164.782235 576.417588 200.655333 -1.000000 -1.000000 -1.000000 -1.000000 -1.000000 -1.000000 -1.000000 -1.000000 
149 2 Cyclist -1 0 -1.000000 560.870976 164.370023 613.283128 265.055626 -1.000000 -1.000000 -1.000000 -1.000000 -1.000000 -1.000000 -1.000000 -1.000000 
149 9 Van -1 2 -1.000000 108.293960 175.767052 346.091265 315.017745 -1.000000 -1.000000 -1.000000 -1.000000 -1.000000 -1.000000 -1.000000 -1.000000 
149 10 Car -1 0 -1.000000 695.530433 166.054330 897.517281 307.101848 -1.000000 -1.000000 -1.000000 -1.000000 -1.000000 -1.000000 -1.000000 -1.000000 
149 11 Car -1 2 -1.000000 642.349496 172.693988 766.185403 256.527592 -1.000000 -1.000000 -1.000000 -1.000000 -1.000000 -1.000000 -1.000000 -1.000000 
149 12 Car -1 2 -1.000000 277.953851 187.734604 395.216871 262.414233 -1.000000 -1.000000 -1.000000 -1.000000 -1.000000 -1.000000 -1.000000 -1.000000 
149 13 Pedestrian -1 0 -1.000000 969.106244 150.474681 1070.745914 284.077691 -1.000000 -1.000000 -1.000000 -1.000000 -1.000000 -1.000000 -1.000000 -1.000000 
149 14 Car -1 -1 -1.000000 348.131377 183.345796 425.662149 234.994329 -1.000000 -1.000000 -1.000000 -1.000000 -1.000000 -1.000000 -1.000000 -1.000000 
149 15 Car -1 2 -1.000000 618.171385 176.350030 690.655251 229.482911 -1.000000 -1.000000 -1.000000 -1.000000 -1.000000 -1.000000 -1.000000 -1.000000 
150 1 Van -1 1 -1.000000 551.764542 164.297302 584.376732 199.979197 -1.000000 -1.000000 -1.000000 -1.000000 -1.000000 -1.000000 -1.000000 -1.000000 
150 2 Cyclist -1 0 -1.000000 565.209398 166.287874 616.369810 267.177887 -1.000000 -1.000000 -1.000000 -1.000000 -1.000000 -1.000000 -1.000000 -1.000000 
150 9 Van -1 1 -1.000000 84.180393 176.457676 343.299116 325.454316 -1.000000 -1.000000 -1.000000 -1.000000 -1.000000 -1.000000 -1.000000 -1.000000 
150 10 Car -1 0 -1.000000 709.832071 167.260895 933.815931 321.509285 -1.000000 -1.000000 -1.000000 -1.000000 -1.000000 -1.000000 -1.000000 -1.000000 
150 11 Car -1 2 -1.000000 651.674617 173.659773 783.356547 262.216965 -1.000000 -1.000000 -1.000000 -1.000000 -1.000000 -1.000000 -1.000000 -1.000000 
150 12 Car -1 2 -1.000000 272.216883 189.105077 396.056200 267.431032 -1.000000 -1.000000 -1.000000 -1.000000 -1.000000 -1.000000 -1.000000 -1.000000 
150 13 Pedestrian -1 0 -1.000000 1009.387368 150.130420 1125.224343 297.373375 -1.000000 -1.000000 -1.000000 -1.000000 -1.000000 -1.000000 -1.000000 -1.000000 
150 14 Car -1 -1 -1.000000 347.286722 184.602368 426.799507 238.064743 -1.000000 -1.000000 -1.000000 -1.000000 -1.000000 -1.000000 -1.000000 -1.000000 
150 15 Car -1 2 -1.000000 625.930297 178.144076 701.055181 233.291064 -1.000000 -1.000000 -1.000000 -1.000000 -1.000000 -1.000000 -1.000000 -1.000000 
151 1 Van -1 1 -1.000000 557.040588 165.683058 589.565881 201.282562 -1.000000 -1.000000 -1.000000 -1.000000 -1.000000 -1.000000 -1.000000 -1.000000 
151 2 Cyclist -1 0 -1.000000 569.567177 168.217525 619.463531 269.304614 -1.000000 -1.000000 -1.000000 -1.000000 -1.000000 -1.000000 -1.000000 -1.000000 
151 9 Van -1 1 -1.000000 50.915591 177.418675 336.678272 337.682138 -1.000000 -1.000000 -1.000000 -1.000000 -1.000000 -1.000000 -1.000000 -1.000000 
151 10 Car -1 0 -1.000000 723.508816 167.370551 974.421313 337.186759 -1.000000 -1.000000 -1.000000 -1.000000 -1.000000 -1.000000 -1.000000 -1.000000 
151 11 Car -1 2 -1.000000 661.833567 174.741401 802.579741 268.580696 -1.000000 -1.000000 -1.000000 -1.000000 -1.000000 -1.000000 -1.000000 -1.000000 
151 12 Car -1 2 -1.000000 265.967043 190.573329 396.951121 272.901924 -1.000000 -1.000000 -1.000000 -1.000000 -1.000000 -1.000000 -1.000000 -1.000000 
151 13 Pedestrian -1 0 -1.000000 1055.965181 149.795801 1189.463427 313.074172 -1.000000 -1.000000 -1.000000 -1.000000 -1.000000 -1.000000 -1.000000 -1.000000 
151 14 Car -1 -1 -1.000000 346.389210 185.924376 427.996084 241.327688 -1.000000 -1.000000 -1.000000 -1.000000 -1.000000 -1.000000 -1.000000 -1.000000 
151 15 Car -1 2 -1.000000 634.195258 180.080808 712.275908 237.395471 -1.000000 -1.000000 -1.000000 -1.000000 -1.000000 -1.000000 -1.000000 -1.000000 
152 1 Van -1 1 -1.000000 562.290544 167.062926 594.730402 202.578825 -1.000000 -1.000000 -1.000000 -1.000000 -1.000000 -1.000000 -1.000000 -1.000000 
152 2 Cyclist -1 0 -1.000000 573.847236 170.158925 622.564482 271.435658 -1.000000 -1.000000 -1.000000 -1.000000 -1.000000 -1.000000 -1.000000 -1.000000 
152 9 Van -1 1 -1.000000 12.259288 178.539800 329.347391 351.901135 -1.000000 -1.000000 -1.000000 -1.000000 -1.000000 -1.000000 -1.000000 -1.000000 
152 10 Car -1 0 -1.000000 739.126865 167.505340 1024.219044 356.372976 -1.000000 -1.000000 -1.000000 -1.000000 -1.000000 -1.000000 -1.000000 -1.000000 
152 11 Car -1 2 -1.000000 670.692402 176.049610 821.281199 275.860775 -1.000000 -1.000000 -1.000000 -1.000000 -1.000000 -1.000000 -1.000000 -1.000000 
152 12 Car -1 2 -1.000000 256.452203 192.451023 395.959781 279.368262 -1.000000 -1.000000 -1.000000 -1.000000 -1.000000 -1.000000 -1.000000 -1.000000 
152 14 Car -1 -1 -1.000000 345.433713 187.317070 429.256631 244.801858 -1.000000 -1.000000 -1.000000 -1.000000 -1.000000 -1.000000 -1.000000 -1.000000 
152 15 Car -1 2 -1.000000 643.017162 181.954849 724.419045 241.832008 -1.000000 -1.000000 -1.000000 -1.000000 -1.000000 -1.000000 -1.000000 -1.000000 
153 1 Van -1 1 -1.000000 567.514564 168.436916 599.870405 203.868014 -1.000000 -1.000000 -1.000000 -1.000000 -1.000000 -1.000000 -1.000000 -1.000000 
153 2 Cyclist -1 0 -1.000000 576.825911 172.112018 625.672861 273.570872 -1.000000 -1.000000 -1.000000 -1.000000 -1.000000 -1.000000 -1.000000 -1.000000 
153 10 Car -1 0 -1.000000 757.130201 167.674863 1086.731700 380.394200 -1.000000 -1.000000 -1.000000 -1.000000 -1.000000 -1.000000 -1.000000 -1.000000 
153 11 Car -1 2 -1.000000 680.425204 177.536682 842.532454 284.124040 -1.000000 -1.000000 -1.000000 -1.000000 -1.000000 -1.000000 -1.000000 -1.000000 
153 12 Car -1 2 -1.000000 245.976860 194.476101 394.885891 286.492359 -1.000000 -1.000000 -1.000000 -1.000000 -1.000000 -1.000000 -1.000000 -1.000000 
153 14 Car -1 -1 -1.000000 344.414417 188.786274 430.586426 248.508450 -1.000000 -1.000000 -1.000000 -1.000000 -1.000000 -1.000000 -1.000000 -1.000000 
153 15 Car -1 2 -1.000000 652.453986 183.804303 737.603683 246.642593 -1.000000 -1.000000 -1.000000 -1.000000 -1.000000 -1.000000 -1.000000 -1.000000 
