[  495.75515747   305.16537476  1028.43225098   484.45953369]
[ 385.31079102  435.41122437  854.05566406  523.31933594]
[ 1404.59716797   524.00799561  1627.96875      375.44915771]
[ 115.74858093   25.64665985  181.72184753   11.92055893]
[ 176.97717285  -19.65659714 -248.53303528   22.37075043]
[  551.02459717   446.82278442  1224.85083008   365.35787964]
[ 760.05029297  369.10385132  577.3972168   377.29040527]
[ 1047.14477539   278.69387817  1695.3482666    442.46646118]
[ 404.80749512  -79.38803864  145.70098877  -81.65641785]
[-307.94500732   36.93733597  -72.53469849  -51.23212433]
[ -37.29429245  231.50332642  466.12402344  460.69586182]
[ 477.35873413  245.86941528  617.35852051  409.6083374 ]
[  881.69683838   325.85339355  1152.65393066   399.53710938]
[ 207.71266174  -32.54673386  175.62687683  -40.13869858]
[  78.66848755   91.42900848 -177.95532227   32.41022873]
[ 280.31369019  234.95654297  570.60046387  141.88722229]
[ 154.66433716   41.50518417  207.56585693  250.03875732]
[ 1373.11987305   253.4163208   1270.98498535   469.25189209]
[-157.14253235    3.10263252   93.2177124    87.21729279]
[  69.20786285  131.77418518  577.93859863   19.56276512]
[ 194.09503174  349.61230469  802.42034912  190.44207764]
[ 672.59936523  216.67114258  -29.20158005  291.14492798]
[  639.2376709    106.80406952  1003.24267578   286.1887207 ]
[-136.44334412  -58.67667389  -54.59638214  -11.99521065]
[-187.55384827  -49.75147629 -166.37049866  -89.80654144]
