[ 877.38970947  277.14813232  992.51635742  274.83792114]
[ 516.62921143  188.17123413  458.92352295  162.53739929]
[ 383.08279419  223.70924377  642.86950684  227.52264404]
[ 1280.99926758   166.49681091  1593.76452637   374.82980347]
[ 721.90618896  276.54147339  810.6307373   302.23834229]
[ 706.71777344  185.79101562  917.18920898  306.50616455]
[ 615.91906738  153.04725647  683.78808594  215.25479126]
[ 678.87554932  222.83924866  423.95602417  255.29974365]
[ 1053.50646973   208.66175842  1202.95275879   312.90853882]
[ 656.53942871  230.03419495  741.43365479  308.74560547]
[  711.17596436   192.08499146  1123.4810791    203.91520691]
[ 916.22381592  146.33668518  688.6583252   160.7336731 ]
[ 389.11825562  103.61714172  647.27856445  371.746521  ]
[ 1148.39160156   203.75405884  1148.00817871   334.18603516]
[ 526.87811279  374.32180786  530.09118652  306.89620972]
[  623.8682251    196.45446777  1033.40844727   188.02059937]
[ 730.72009277   78.65496063  916.26873779  171.09786987]
[ 333.59872437  227.84291077  460.61242676  268.61425781]
[ 1372.14233398   180.43026733  1307.78295898   329.04803467]
[ 729.54467773  164.29463196  795.95361328  260.59994507]
[ 590.82562256  140.11878967  498.75860596  282.38671875]
[ 868.4276123    78.85050964  959.29968262  250.94606018]
[ 830.90289307  250.47450256  438.14056396  301.10906982]
[ 1096.17285156   166.15982056  1667.3815918    294.09356689]
[ 423.90142822  155.83766174  887.41534424  293.49642944]
