[ -32.97403717   74.91086578  398.83102417  106.74411774]
[ -85.57720184  149.16583252  462.09744263  336.34484863]
[ 615.87976074  142.48323059  600.30078125  524.49908447]
[ 591.78479004  292.2817688   821.83331299  236.83181763]
[ 1076.56359863   199.24183655  1250.93493652   210.81393433]
[ 177.09941101  163.02754211  360.09692383  410.75500488]
[ 979.35168457   52.99065018  694.60974121  357.15145874]
[ 351.05059814  102.55310059  727.37390137  273.67959595]
[ 687.51605225  132.24121094  808.53881836  322.24072266]
[ 389.17745972  232.0836792   986.55877686  288.90914917]
[ 192.80422974  151.77742004  414.73529053  418.59576416]
[ 565.88879395 -108.30475616  408.97857666  242.96284485]
[ 442.91867065  -12.81589699  136.31770325  386.97073364]
[  373.20883179   219.48303223  1219.39367676   416.76712036]
[ 574.24389648  174.0537262   927.33703613  123.22618866]
[   1.8018229   295.79678345  535.29595947  219.41716003]
[ 796.59094238  157.56782532  546.84606934  644.26428223]
[  849.98071289    80.5734787   1580.54626465   250.876297  ]
[ 289.16427612  268.68130493  897.94903564  196.99940491]
[ 958.50549316  100.97774506  713.58526611  229.83314514]
[ 737.95733643  327.81448364  561.31915283  206.23681641]
[ 346.75421143  128.35255432  638.02923584  471.84960938]
[ 1198.22302246    70.66356659  1056.18261719   272.79345703]
[ 931.88549805  239.73796082  738.97155762  319.30249023]
[ 652.33978271  227.47242737  907.14190674   98.9983139 ]
