0 4 Car -1 0 -1.000000 491.557759 184.929633 550.077508 229.444366 -1.000000 -1.000000 -1.000000 -1.000000 -1.000000 -1.000000 -1.000000 -1.000000 
1 4 Car -1 0 -1.000000 476.057410 184.605919 542.907238 235.021814 -1.000000 -1.000000 -1.000000 -1.000000 -1.000000 -1.000000 -1.000000 -1.000000 
2 4 Car -1 0 -1.000000 455.768097 183.868745 533.872265 241.931208 -1.000000 -1.000000 -1.000000 -1.000000 -1.000000 -1.000000 -1.000000 -1.000000 
3 4 Car -1 0 -1.000000 428.093596 185.288218 522.164377 254.275463 -1.000000 -1.000000 -1.000000 -1.000000 -1.000000 -1.000000 -1.000000 -1.000000 
4 4 Car -1 0 -1.000000 388.069315 189.016998 506.367831 274.454294 -1.000000 -1.000000 -1.000000 -1.000000 -1.000000 -1.000000 -1.000000 -1.000000 
5 4 Car -1 0 -1.000000 324.993183 192.797164 483.841251 304.190362 -1.000000 -1.000000 -1.000000 -1.000000 -1.000000 -1.000000 -1.000000 -1.000000 
6 4 Car -1 0 -1.000000 222.559240 196.871465 453.793596 351.319504 -1.000000 -1.000000 -1.000000 -1.000000 -1.000000 -1.000000 -1.000000 -1.000000 
7 4 Car -1 0 -1.000000 0.814797 203.636956 403.861078 453.525146 -1.000000 -1.000000 -1.000000 -1.000000 -1.000000 -1.000000 -1.000000 -1.000000 
28 1 Van -1 0 -1.000000 567.542283 164.580625 592.458876 193.927460 -1.000000 -1.000000 -1.000000 -1.000000 -1.000000 -1.000000 -1.000000 -1.000000 
29 1 Van -1 0 -1.000000 565.756063 164.375087 591.469971 194.560783 -1.000000 -1.000000 -1.000000 -1.000000 -1.000000 -1.000000 -1.000000 -1.000000 
30 1 Van -1 0 -1.000000 563.864759 164.157455 590.427635 195.231382 -1.000000 -1.000000 -1.000000 -1.000000 -1.000000 -1.000000 -1.000000 -1.000000 
31 1 Van -1 0 -1.000000 561.858818 163.926632 589.327417 195.942646 -1.000000 -1.000000 -1.000000 -1.000000 -1.000000 -1.000000 -1.000000 -1.000000 
32 1 Van -1 0 -1.000000 559.727489 163.681379 588.164358 196.698390 -1.000000 -1.000000 -1.000000 -1.000000 -1.000000 -1.000000 -1.000000 -1.000000 
33 1 Van -1 0 -1.000000 557.458639 163.420300 586.932917 197.502922 -1.000000 -1.000000 -1.000000 -1.000000 -1.000000 -1.000000 -1.000000 -1.000000 
34 1 Van -1 0 -1.000000 555.672885 162.368120 586.312824 197.726376 -1.000000 -1.000000 -1.000000 -1.000000 -1.000000 -1.000000 -1.000000 -1.000000 
35 1 Van -1 0 -1.000000 553.748281 161.234122 585.649099 197.967213 -1.000000 -1.000000 -1.000000 -1.000000 -1.000000 -1.000000 -1.000000 -1.000000 
36 1 Van -1 0 -1.000000 551.667979 160.008377 584.936967 198.227545 -1.000000 -1.000000 -1.000000 -1.000000 -1.000000 -1.000000 -1.000000 -1.000000 
37 1 Van -1 0 -1.000000 549.412289 158.679282 584.170934 198.509837 -1.000000 -1.000000 -1.000000 -1.000000 -1.000000 -1.000000 -1.000000 -1.000000 
38 1 Van -1 0 -1.000000 546.958054 157.233190 583.344637 198.816991 -1.000000 -1.000000 -1.000000 -1.000000 -1.000000 -1.000000 -1.000000 -1.000000 
39 1 Van -1 0 -1.000000 543.757268 156.534550 582.042349 200.103539 -1.000000 -1.000000 -1.000000 -1.000000 -1.000000 -1.000000 -1.000000 -1.000000 
40 1 Van -1 0 -1.000000 540.235701 155.765886 580.624641 201.519109 -1.000000 -1.000000 -1.000000 -1.000000 -1.000000 -1.000000 -1.000000 -1.000000 
41 1 Van -1 0 -1.000000 536.342587 154.916115 579.075457 203.084133 -1.000000 -1.000000 -1.000000 -1.000000 -1.000000 -1.000000 -1.000000 -1.000000 
42 1 Van -1 0 -1.000000 532.015850 153.971684 577.375619 204.823600 -1.000000 -1.000000 -1.000000 -1.000000 -1.000000 -1.000000 -1.000000 -1.000000 
43 1 Van -1 0 -1.000000 527.178770 152.915844 575.502027 206.768398 -1.000000 -1.000000 -1.000000 -1.000000 -1.000000 -1.000000 -1.000000 -1.000000 
44 1 Van -1 0 -1.000000 521.735397 151.727645 573.426605 208.957163 -1.000000 -1.000000 -1.000000 -1.000000 -1.000000 -1.000000 -1.000000 -1.000000 
45 1 Van -1 0 -1.000000 515.564117 150.380536 571.114885 211.438874 -1.000000 -1.000000 -1.000000 -1.000000 -1.000000 -1.000000 -1.000000 -1.000000 
46 1 Van -1 0 -1.000000 508.508459 148.840352 568.524073 214.276562 -1.000000 -1.000000 -1.000000 -1.000000 -1.000000 -1.000000 -1.000000 -1.000000 
47 1 Van -1 0 -1.000000 500.165813 146.616737 565.590365 217.307670 -1.000000 -1.000000 -1.000000 -1.000000 -1.000000 -1.000000 -1.000000 -1.000000 
48 1 Van -1 0 -1.000000 490.367326 144.005025 562.236902 220.868310 -1.000000 -1.000000 -1.000000 -1.000000 -1.000000 -1.000000 -1.000000 -1.000000 
49 1 Van -1 0 -1.000000 478.695489 140.893895 558.366652 225.110524 -1.000000 -1.000000 -1.000000 -1.000000 -1.000000 -1.000000 -1.000000 -1.000000 
50 1 Van -1 0 -1.000000 464.556278 137.124956 553.850185 230.250723 -1.000000 -1.000000 -1.000000 -1.000000 -1.000000 -1.000000 -1.000000 -1.000000 
51 1 Van -1 0 -1.000000 447.074830 132.464914 548.510907 236.607784 -1.000000 -1.000000 -1.000000 -1.000000 -1.000000 -1.000000 -1.000000 -1.000000 
52 1 Van -1 0 -1.000000 425.396385 127.475757 542.710410 245.922550 -1.000000 -1.000000 -1.000000 -1.000000 -1.000000 -1.000000 -1.000000 -1.000000 
53 1 Van -1 0 -1.000000 397.003639 116.834054 535.707929 254.124786 -1.000000 -1.000000 -1.000000 -1.000000 -1.000000 -1.000000 -1.000000 -1.000000 
54 1 Van -1 0 -1.000000 357.920229 107.881822 526.937024 271.171660 -1.000000 -1.000000 -1.000000 -1.000000 -1.000000 -1.000000 -1.000000 -1.000000 
55 1 Van -1 0 -1.000000 300.591614 91.185884 515.548534 292.603039 -1.000000 -1.000000 -1.000000 -1.000000 -1.000000 -1.000000 -1.000000 -1.000000 
56 1 Van -1 0 -1.000000 208.420776 64.841471 500.206312 327.618419 -1.000000 -1.000000 -1.000000 -1.000000 -1.000000 -1.000000 -1.000000 -1.000000 
57 1 Van -1 0 -1.000000 36.692196 20.981980 478.877021 398.939888 -1.000000 -1.000000 -1.000000 -1.000000 -1.000000 -1.000000 -1.000000 -1.000000 
97 2 Car -1 0 -1.000000 531.047430 182.244771 565.668704 209.280121 -1.000000 -1.000000 -1.000000 -1.000000 -1.000000 -1.000000 -1.000000 -1.000000 
98 2 Car -1 0 -1.000000 522.981659 182.660655 561.878308 212.678375 -1.000000 -1.000000 -1.000000 -1.000000 -1.000000 -1.000000 -1.000000 -1.000000 
99 2 Car -1 0 -1.000000 512.953338 183.166247 557.269932 216.903890 -1.000000 -1.000000 -1.000000 -1.000000 -1.000000 -1.000000 -1.000000 -1.000000 
100 2 Car -1 0 -1.000000 499.690323 183.673555 551.726475 222.370424 -1.000000 -1.000000 -1.000000 -1.000000 -1.000000 -1.000000 -1.000000 -1.000000 
101 2 Car -1 0 -1.000000 481.945590 184.327550 544.578763 229.685587 -1.000000 -1.000000 -1.000000 -1.000000 -1.000000 -1.000000 -1.000000 -1.000000 
102 2 Car -1 0 -1.000000 456.985233 185.202606 535.012890 239.977942 -1.000000 -1.000000 -1.000000 -1.000000 -1.000000 -1.000000 -1.000000 -1.000000 
103 2 Car -1 0 -1.000000 419.284161 186.433598 521.552326 255.529365 -1.000000 -1.000000 -1.000000 -1.000000 -1.000000 -1.000000 -1.000000 -1.000000 
103 3 Car -1 0 -1.000000 531.931234 181.646926 567.440796 207.860732 -1.000000 -1.000000 -1.000000 -1.000000 -1.000000 -1.000000 -1.000000 -1.000000 
104 2 Car -1 0 -1.000000 360.979281 189.025525 501.962974 280.723712 -1.000000 -1.000000 -1.000000 -1.000000 -1.000000 -1.000000 -1.000000 -1.000000 
104 3 Car -1 0 -1.000000 523.963120 182.292271 564.434477 211.637802 -1.000000 -1.000000 -1.000000 -1.000000 -1.000000 -1.000000 -1.000000 -1.000000 
105 2 Car -1 0 -1.000000 249.310660 193.205794 470.354323 329.019977 -1.000000 -1.000000 -1.000000 -1.000000 -1.000000 -1.000000 -1.000000 -1.000000 
105 3 Car -1 0 -1.000000 514.075477 184.369670 560.445363 217.904338 -1.000000 -1.000000 -1.000000 -1.000000 -1.000000 -1.000000 -1.000000 -1.000000 
106 3 Car -1 0 -1.000000 499.781524 185.221515 554.177887 224.085779 -1.000000 -1.000000 -1.000000 -1.000000 -1.000000 -1.000000 -1.000000 -1.000000 
107 3 Car -1 0 -1.000000 480.223294 186.345042 545.910376 232.545237 -1.000000 -1.000000 -1.000000 -1.000000 -1.000000 -1.000000 -1.000000 -1.000000 
108 3 Car -1 0 -1.000000 451.836255 187.894885 534.503722 244.826422 -1.000000 -1.000000 -1.000000 -1.000000 -1.000000 -1.000000 -1.000000 -1.000000 
109 3 Car -1 0 -1.000000 406.899649 190.170499 517.751079 264.274843 -1.000000 -1.000000 -1.000000 -1.000000 -1.000000 -1.000000 -1.000000 -1.000000 
110 3 Car -1 0 -1.000000 326.579491 193.347288 489.760700 298.914678 -1.000000 -1.000000 -1.000000 -1.000000 -1.000000 -1.000000 -1.000000 -1.000000 
111 3 Car -1 0 -1.000000 135.040413 199.277324 437.466520 381.643432 -1.000000 -1.000000 -1.000000 -1.000000 -1.000000 -1.000000 -1.000000 -1.000000 
